         t         y         k       L_H       L_L       c_H       c_L       V_H       V_L      V_HL
    0.0000    0.0497    0.1249    0.2292    0.6389    0.0378    0.0182 1134.7611 1054.9095    1.0744
    0.5000    0.0499    0.1283    0.2292    0.6389    0.0378    0.0182 1135.3642 1055.4701    1.0744
    1.0000    0.0499    0.1309    0.2292    0.6389    0.0377    0.0182 1136.0428 1056.1010    1.0744
    1.5000    0.0496    0.1320    0.2292    0.6389    0.0377    0.0182 1136.7526 1056.7609    1.0744
    2.0000    0.0488    0.1310    0.2292    0.6389    0.0376    0.0181 1137.4449 1057.4045    1.0744
    2.5000    0.0475    0.1277    0.2292    0.6389    0.0376    0.0181 1138.0720 1057.9874    1.0744
    3.0000    0.0458    0.1225    0.2292    0.6389    0.0376    0.0181 1138.5974 1058.4758    1.0744
    3.5000    0.0441    0.1164    0.2292    0.6389    0.0376    0.0181 1139.0129 1058.8622    1.0744
    4.0000    0.0425    0.1106    0.2292    0.6389    0.0375    0.0181 1139.3118 1059.1400    1.0744
    4.5000    0.0413    0.1058    0.2292    0.6389    0.0375    0.0181 1139.5081 1059.3224    1.0744
    5.0000    0.0404    0.1023    0.2292    0.6389    0.0375    0.0181 1139.6252 1059.4313    1.0744
    5.5000    0.0398    0.0999    0.2292    0.6389    0.0375    0.0181 1139.6905 1059.4921    1.0744
    6.0000    0.0395    0.0985    0.2292    0.6389    0.0375    0.0181 1139.7216 1059.5210    1.0744
    6.5000    0.0393    0.0978    0.2292    0.6389    0.0375    0.0181 1139.7331 1059.5316    1.0744
    7.0000    0.0392    0.0974    0.2292    0.6389    0.0375    0.0181 1139.7361 1059.5344    1.0744
    7.5000    0.0392    0.0973    0.2292    0.6389    0.0375    0.0181 1139.7364 1059.5347    1.0744
    8.0000    0.0392    0.0973    0.2292    0.6389    0.0375    0.0181 1139.7364 1059.5347    1.0744
    8.5000    0.0392    0.0973    0.2292    0.6389    0.0375    0.0181 1139.7364 1059.5347    1.0744
    9.0000    0.0392    0.0973    0.2292    0.6389    0.0375    0.0181 1139.7364 1059.5347    1.0744
    9.5000    0.0392    0.0973    0.2292    0.6389    0.0375    0.0181 1139.7364 1059.5347    1.0744
   10.0000    0.0392    0.0973    0.2292    0.6389    0.0375    0.0181 1139.7364 1059.5347    1.0744
   10.5000    0.0392    0.0973    0.2292    0.6389    0.0375    0.0181 1139.7364 1059.5347    1.0744
   11.0000    0.0392    0.0973    0.2292    0.6389    0.0375    0.0181 1139.7364 1059.5347    1.0744
   11.5000    0.0392    0.0973    0.2292    0.6389    0.0375    0.0181 1139.7364 1059.5347    1.0744
   12.0000    0.0392    0.0973    0.2292    0.6389    0.0375    0.0181 1139.7364 1059.5347    1.0744
   12.5000    0.0392    0.0973    0.2292    0.6389    0.0375    0.0181 1139.7364 1059.5347    1.0744
   13.0000    0.0392    0.0973    0.2292    0.6389    0.0375    0.0181 1139.7364 1059.5347    1.0744
   13.5000    0.0392    0.0973    0.2292    0.6389    0.0375    0.0181 1139.7364 1059.5347    1.0744
   14.0000    0.0392    0.0973    0.2292    0.6389    0.0375    0.0181 1139.7364 1059.5347    1.0744
   14.5000    0.0392    0.0973    0.2292    0.6389    0.0375    0.0181 1139.7364 1059.5347    1.0744
   15.0000    0.0392    0.0973    0.2292    0.6389    0.0375    0.0181 1139.7364 1059.5347    1.0744
   15.5000    0.0392    0.0973    0.2292    0.6389    0.0375    0.0181 1139.7364 1059.5347    1.0744
   16.0000    0.0392    0.0973    0.2292    0.6389    0.0375    0.0181 1139.7364 1059.5347    1.0744
   16.5000    0.0392    0.0973    0.2292    0.6389    0.0375    0.0181 1139.7364 1059.5347    1.0744
   17.0000    0.0392    0.0973    0.2292    0.6389    0.0375    0.0181 1139.7364 1059.5347    1.0744
   17.5000    0.0392    0.0973    0.2292    0.6389    0.0375    0.0181 1139.7364 1059.5347    1.0744
   18.0000    0.0392    0.0973    0.2292    0.6389    0.0375    0.0181 1139.7364 1059.5347    1.0744
   18.5000    0.0392    0.0973    0.2292    0.6389    0.0375    0.0181 1139.7364 1059.5347    1.0744
   19.0000    0.0392    0.0973    0.2292    0.6389    0.0375    0.0181 1139.7364 1059.5347    1.0744
   19.5000    0.0392    0.0973    0.2292    0.6389    0.0375    0.0181 1139.7364 1059.5347    1.0744
   20.0000    0.0392    0.0973    0.2292    0.6389    0.0375    0.0181 1139.7364 1059.5347    1.0744
   20.5000    0.0392    0.0973    0.2292    0.6389    0.0375    0.0181 1139.7364 1059.5347    1.0744
   21.0000    0.0392    0.0973    0.2292    0.6389    0.0375    0.0181 1139.7364 1059.5347    1.0744
   21.5000    0.0392    0.0973    0.2292    0.6389    0.0375    0.0181 1139.7364 1059.5347    1.0744
   22.0000    0.0392    0.0973    0.2292    0.6389    0.0375    0.0181 1139.7364 1059.5347    1.0744
   22.5000    0.0392    0.0973    0.2292    0.6389    0.0375    0.0181 1139.7364 1059.5347    1.0744
   23.0000    0.0392    0.0973    0.2292    0.6389    0.0375    0.0181 1139.7364 1059.5347    1.0744
   23.5000    0.0392    0.0973    0.2292    0.6389    0.0375    0.0181 1139.7364 1059.5347    1.0744
   24.0000    0.0392    0.0973    0.2292    0.6389    0.0375    0.0181 1139.7364 1059.5347    1.0744
   24.5000    0.0392    0.0973    0.2292    0.6389    0.0375    0.0181 1139.7364 1059.5347    1.0744
   25.0000    0.0392    0.0973    0.2292    0.6389    0.0375    0.0181 1139.7364 1059.5347    1.0744
   25.5000    0.0392    0.0973    0.2292    0.6389    0.0375    0.0181 1139.7364 1059.5347    1.0744
   26.0000    0.0392    0.0973    0.2292    0.6389    0.0375    0.0181 1139.7364 1059.5347    1.0744
   26.5000    0.0392    0.0973    0.2292    0.6389    0.0375    0.0181 1139.7364 1059.5347    1.0744
   27.0000    0.0392    0.0973    0.2292    0.6389    0.0375    0.0181 1139.7364 1059.5347    1.0744
   27.5000    0.0392    0.0973    0.2292    0.6389    0.0375    0.0181 1139.7364 1059.5347    1.0744
   28.0000    0.0392    0.0973    0.2292    0.6389    0.0375    0.0181 1139.7364 1059.5347    1.0744
   28.5000    0.0392    0.0973    0.2292    0.6389    0.0375    0.0181 1139.7364 1059.5347    1.0744
   29.0000    0.0392    0.0973    0.2292    0.6389    0.0375    0.0181 1139.7364 1059.5347    1.0744
   29.5000    0.0392    0.0973    0.2292    0.6389    0.0375    0.0181 1139.7364 1059.5347    1.0744
   30.0000    0.0392    0.0973    0.2292    0.6389    0.0375    0.0181 1139.7364 1059.5347    1.0744
   30.5000    0.0392    0.0973    0.2292    0.6389    0.0375    0.0181 1139.7364 1059.5347    1.0744
   31.0000    0.0392    0.0973    0.2292    0.6389    0.0375    0.0181 1139.7364 1059.5347    1.0744
   31.5000    0.0392    0.0973    0.2292    0.6389    0.0375    0.0181 1139.7364 1059.5347    1.0744
   32.0000    0.0392    0.0973    0.2292    0.6389    0.0375    0.0181 1139.7364 1059.5347    1.0744
   32.5000    0.0392    0.0973    0.2292    0.6389    0.0375    0.0181 1139.7364 1059.5347    1.0744
   33.0000    0.0392    0.0973    0.2292    0.6389    0.0375    0.0181 1139.7364 1059.5347    1.0744
   33.5000    0.0392    0.0973    0.2292    0.6389    0.0375    0.0181 1139.7364 1059.5347    1.0744
   34.0000    0.0392    0.0973    0.2292    0.6389    0.0375    0.0181 1139.7364 1059.5347    1.0744
   34.5000    0.0392    0.0973    0.2292    0.6389    0.0375    0.0181 1139.7364 1059.5347    1.0744
   35.0000    0.0392    0.0973    0.2292    0.6389    0.0375    0.0181 1139.7364 1059.5347    1.0744
   35.5000    0.0392    0.0973    0.2292    0.6389    0.0375    0.0181 1139.7364 1059.5347    1.0744
   36.0000    0.0392    0.0973    0.2292    0.6389    0.0375    0.0181 1139.7364 1059.5347    1.0744
   36.5000    0.0392    0.0973    0.2292    0.6389    0.0375    0.0181 1139.7364 1059.5347    1.0744
   37.0000    0.0392    0.0973    0.2292    0.6389    0.0375    0.0181 1139.7364 1059.5347    1.0744
   37.5000    0.0392    0.0973    0.2292    0.6389    0.0375    0.0181 1139.7364 1059.5347    1.0744
   38.0000    0.0392    0.0973    0.2292    0.6389    0.0375    0.0181 1139.7364 1059.5347    1.0744
   38.5000    0.0392    0.0973    0.2292    0.6389    0.0375    0.0181 1139.7364 1059.5347    1.0744
   39.0000    0.0392    0.0973    0.2292    0.6389    0.0375    0.0181 1139.7364 1059.5347    1.0744
   39.5000    0.0392    0.0973    0.2292    0.6389    0.0375    0.0181 1139.7364 1059.5347    1.0744
   40.0000    0.0392    0.0973    0.2292    0.6389    0.0375    0.0181 1139.7364 1059.5347    1.0744
   40.5000    0.0392    0.0973    0.2292    0.6389    0.0375    0.0181 1139.7364 1059.5347    1.0744
   41.0000    0.0392    0.0973    0.2292    0.6389    0.0375    0.0181 1139.7364 1059.5347    1.0744
   41.5000    0.0392    0.0973    0.2292    0.6389    0.0375    0.0181 1139.7364 1059.5347    1.0744
   42.0000    0.0392    0.0973    0.2292    0.6389    0.0375    0.0181 1139.7364 1059.5347    1.0744
   42.5000    0.0392    0.0973    0.2292    0.6389    0.0375    0.0181 1139.7364 1059.5347    1.0744
   43.0000    0.0392    0.0973    0.2292    0.6389    0.0375    0.0181 1139.7364 1059.5347    1.0744
   43.5000    0.0392    0.0973    0.2292    0.6389    0.0375    0.0181 1139.7364 1059.5347    1.0744
   44.0000    0.0392    0.0973    0.2292    0.6389    0.0375    0.0181 1139.7364 1059.5347    1.0744
   44.5000    0.0392    0.0973    0.2292    0.6389    0.0375    0.0181 1139.7364 1059.5347    1.0744
   45.0000    0.0392    0.0973    0.2292    0.6389    0.0375    0.0181 1139.7364 1059.5347    1.0744
   45.5000    0.0392    0.0973    0.2292    0.6389    0.0375    0.0181 1139.7364 1059.5347    1.0744
   46.0000    0.0392    0.0973    0.2292    0.6389    0.0375    0.0181 1139.7364 1059.5347    1.0744
   46.5000    0.0392    0.0973    0.2292    0.6389    0.0375    0.0181 1139.7364 1059.5347    1.0744
   47.0000    0.0392    0.0973    0.2292    0.6389    0.0375    0.0181 1139.7364 1059.5347    1.0744
   47.5000    0.0392    0.0973    0.2292    0.6389    0.0375    0.0181 1139.7364 1059.5347    1.0744
   48.0000    0.0392    0.0973    0.2292    0.6389    0.0375    0.0181 1139.7364 1059.5347    1.0744
   48.5000    0.0392    0.0973    0.2292    0.6389    0.0375    0.0181 1139.7364 1059.5347    1.0744
   49.0000    0.0392    0.0973    0.2292    0.6389    0.0375    0.0181 1139.7364 1059.5347    1.0744
   49.5000    0.0392    0.0973    0.2292    0.6389    0.0375    0.0181 1139.7364 1059.5347    1.0744
   50.0000    0.0392    0.0973    0.2292    0.6389    0.0375    0.0181 1139.7364 1059.5347    1.0744
   50.5000    0.0392    0.0973    0.2292    0.6389    0.0375    0.0181 1139.7364 1059.5347    1.0744
   51.0000    0.0392    0.0973    0.2292    0.6389    0.0375    0.0181 1139.7364 1059.5347    1.0744
   51.5000    0.0392    0.0973    0.2292    0.6389    0.0375    0.0181 1139.7364 1059.5347    1.0744
   52.0000    0.0392    0.0973    0.2292    0.6389    0.0375    0.0181 1139.7364 1059.5347    1.0744
   52.5000    0.0392    0.0973    0.2292    0.6389    0.0375    0.0181 1139.7364 1059.5347    1.0744
   53.0000    0.0392    0.0973    0.2292    0.6389    0.0375    0.0181 1139.7364 1059.5347    1.0744
   53.5000    0.0392    0.0973    0.2292    0.6389    0.0375    0.0181 1139.7364 1059.5347    1.0744
   54.0000    0.0392    0.0973    0.2292    0.6389    0.0375    0.0181 1139.7364 1059.5347    1.0744
   54.5000    0.0392    0.0973    0.2292    0.6389    0.0375    0.0181 1139.7364 1059.5347    1.0744
   55.0000    0.0392    0.0973    0.2292    0.6389    0.0375    0.0181 1139.7364 1059.5347    1.0744
   55.5000    0.0392    0.0973    0.2292    0.6389    0.0375    0.0181 1139.7364 1059.5347    1.0744
   56.0000    0.0392    0.0973    0.2292    0.6389    0.0375    0.0181 1139.7364 1059.5347    1.0744
   56.5000    0.0392    0.0973    0.2292    0.6389    0.0375    0.0181 1139.7364 1059.5347    1.0744
   57.0000    0.0392    0.0973    0.2292    0.6389    0.0375    0.0181 1139.7364 1059.5347    1.0744
   57.5000    0.0392    0.0973    0.2292    0.6389    0.0375    0.0181 1139.7364 1059.5347    1.0744
   58.0000    0.0392    0.0973    0.2292    0.6389    0.0375    0.0181 1139.7364 1059.5347    1.0744
   58.5000    0.0392    0.0973    0.2292    0.6389    0.0375    0.0181 1139.7364 1059.5347    1.0744
   59.0000    0.0392    0.0973    0.2292    0.6389    0.0375    0.0181 1139.7364 1059.5347    1.0744
   59.5000    0.0392    0.0973    0.2292    0.6389    0.0375    0.0181 1139.7364 1059.5347    1.0744
   60.0000    0.0392    0.0973    0.2292    0.6389    0.0375    0.0181 1139.7364 1059.5347    1.0744
   60.5000    0.0392    0.0973    0.2292    0.6389    0.0375    0.0181 1139.7364 1059.5347    1.0744
   61.0000    0.0392    0.0973    0.2292    0.6389    0.0375    0.0181 1139.7364 1059.5347    1.0744
   61.5000    0.0392    0.0973    0.2292    0.6389    0.0375    0.0181 1139.7364 1059.5347    1.0744
   62.0000    0.0392    0.0973    0.2292    0.6389    0.0375    0.0181 1139.7364 1059.5347    1.0744
   62.5000    0.0392    0.0973    0.2292    0.6389    0.0375    0.0181 1139.7364 1059.5347    1.0744
   63.0000    0.0392    0.0973    0.2292    0.6389    0.0375    0.0181 1139.7364 1059.5347    1.0744
   63.5000    0.0392    0.0973    0.2292    0.6389    0.0375    0.0181 1139.7364 1059.5347    1.0744
   64.0000    0.0392    0.0973    0.2292    0.6389    0.0375    0.0181 1139.7364 1059.5347    1.0744
   64.5000    0.0392    0.0973    0.2292    0.6389    0.0375    0.0181 1139.7364 1059.5347    1.0744
   65.0000    0.0392    0.0973    0.2292    0.6389    0.0375    0.0181 1139.7364 1059.5347    1.0744
   65.5000    0.0392    0.0973    0.2292    0.6389    0.0375    0.0181 1139.7364 1059.5347    1.0744
   66.0000    0.0392    0.0973    0.2292    0.6389    0.0375    0.0181 1139.7364 1059.5347    1.0744
   66.5000    0.0392    0.0973    0.2292    0.6389    0.0375    0.0181 1139.7364 1059.5347    1.0744
   67.0000    0.0392    0.0973    0.2292    0.6389    0.0375    0.0181 1139.7364 1059.5347    1.0744
   67.5000    0.0392    0.0973    0.2292    0.6389    0.0375    0.0181 1139.7364 1059.5347    1.0744
   68.0000    0.0392    0.0973    0.2292    0.6389    0.0375    0.0181 1139.7364 1059.5347    1.0744
   68.5000    0.0392    0.0973    0.2292    0.6389    0.0375    0.0181 1139.7364 1059.5347    1.0744
   69.0000    0.0392    0.0973    0.2292    0.6389    0.0375    0.0181 1139.7364 1059.5347    1.0744
   69.5000    0.0392    0.0973    0.2292    0.6389    0.0375    0.0181 1139.7364 1059.5347    1.0744
   70.0000    0.0392    0.0973    0.2292    0.6389    0.0375    0.0181 1139.7364 1059.5347    1.0744
   70.5000    0.0392    0.0973    0.2292    0.6389    0.0375    0.0181 1139.7364 1059.5347    1.0744
   71.0000    0.0392    0.0973    0.2292    0.6389    0.0375    0.0181 1139.7364 1059.5347    1.0744
   71.5000    0.0392    0.0973    0.2292    0.6389    0.0375    0.0181 1139.7364 1059.5347    1.0744
   72.0000    0.0392    0.0973    0.2292    0.6389    0.0375    0.0181 1139.7364 1059.5347    1.0744
   72.5000    0.0392    0.0973    0.2292    0.6389    0.0375    0.0181 1139.7364 1059.5347    1.0744
   73.0000    0.0392    0.0973    0.2292    0.6389    0.0375    0.0181 1139.7364 1059.5347    1.0744
   73.5000    0.0392    0.0973    0.2292    0.6389    0.0375    0.0181 1139.7364 1059.5347    1.0744
   74.0000    0.0392    0.0973    0.2292    0.6389    0.0375    0.0181 1139.7364 1059.5347    1.0744
   74.5000    0.0392    0.0973    0.2292    0.6389    0.0375    0.0181 1139.7364 1059.5347    1.0744
   75.0000    0.0392    0.0973    0.2292    0.6389    0.0375    0.0181 1139.7364 1059.5347    1.0744
   75.5000    0.0392    0.0973    0.2292    0.6389    0.0375    0.0181 1139.7364 1059.5347    1.0744
   76.0000    0.0392    0.0973    0.2292    0.6389    0.0375    0.0181 1139.7364 1059.5347    1.0744
   76.5000    0.0392    0.0973    0.2292    0.6389    0.0375    0.0181 1139.7364 1059.5347    1.0744
   77.0000    0.0392    0.0973    0.2292    0.6389    0.0375    0.0181 1139.7364 1059.5347    1.0744
   77.5000    0.0392    0.0973    0.2292    0.6389    0.0375    0.0181 1139.7364 1059.5347    1.0744
   78.0000    0.0392    0.0973    0.2292    0.6389    0.0375    0.0181 1139.7364 1059.5347    1.0744
   78.5000    0.0392    0.0973    0.2292    0.6389    0.0375    0.0181 1139.7364 1059.5347    1.0744
   79.0000    0.0392    0.0973    0.2292    0.6389    0.0375    0.0181 1139.7364 1059.5347    1.0744
   79.5000    0.0392    0.0973    0.2292    0.6389    0.0375    0.0181 1139.7364 1059.5347    1.0744
   80.0000    0.0392    0.0973    0.2292    0.6389    0.0375    0.0181 1139.7364 1059.5347    1.0744
   80.5000    0.0392    0.0973    0.2292    0.6389    0.0375    0.0181 1139.7364 1059.5347    1.0744
   81.0000    0.0392    0.0973    0.2292    0.6389    0.0375    0.0181 1139.7364 1059.5347    1.0744
   81.5000    0.0392    0.0973    0.2292    0.6389    0.0375    0.0181 1139.7364 1059.5347    1.0744
   82.0000    0.0392    0.0973    0.2292    0.6389    0.0375    0.0181 1139.7364 1059.5347    1.0744
   82.5000    0.0392    0.0973    0.2292    0.6389    0.0375    0.0181 1139.7364 1059.5347    1.0744
   83.0000    0.0392    0.0973    0.2292    0.6389    0.0375    0.0181 1139.7364 1059.5347    1.0744
   83.5000    0.0392    0.0973    0.2292    0.6389    0.0375    0.0181 1139.7364 1059.5347    1.0744
   84.0000    0.0392    0.0973    0.2292    0.6389    0.0375    0.0181 1139.7364 1059.5347    1.0744
   84.5000    0.0392    0.0973    0.2292    0.6389    0.0375    0.0181 1139.7364 1059.5347    1.0744
   85.0000    0.0392    0.0973    0.2292    0.6389    0.0375    0.0181 1139.7364 1059.5347    1.0744
   85.5000    0.0392    0.0973    0.2292    0.6389    0.0375    0.0181 1139.7364 1059.5347    1.0744
   86.0000    0.0392    0.0973    0.2292    0.6389    0.0375    0.0181 1139.7364 1059.5347    1.0744
   86.5000    0.0392    0.0973    0.2292    0.6389    0.0375    0.0181 1139.7364 1059.5347    1.0744
   87.0000    0.0392    0.0973    0.2292    0.6389    0.0375    0.0181 1139.7364 1059.5347    1.0744
   87.5000    0.0392    0.0973    0.2292    0.6389    0.0375    0.0181 1139.7364 1059.5347    1.0744
   88.0000    0.0392    0.0973    0.2292    0.6389    0.0375    0.0181 1139.7364 1059.5347    1.0744
   88.5000    0.0392    0.0973    0.2292    0.6389    0.0375    0.0181 1139.7364 1059.5347    1.0744
   89.0000    0.0392    0.0973    0.2292    0.6389    0.0375    0.0181 1139.7364 1059.5347    1.0744
   89.5000    0.0392    0.0973    0.2292    0.6389    0.0375    0.0181 1139.7364 1059.5347    1.0744
   90.0000    0.0392    0.0973    0.2292    0.6389    0.0375    0.0181 1139.7364 1059.5347    1.0744
   90.5000    0.0392    0.0973    0.2292    0.6389    0.0375    0.0181 1139.7364 1059.5347    1.0744
   91.0000    0.0392    0.0973    0.2292    0.6389    0.0375    0.0181 1139.7364 1059.5347    1.0744
   91.5000    0.0392    0.0973    0.2292    0.6389    0.0375    0.0181 1139.7364 1059.5347    1.0744
   92.0000    0.0392    0.0973    0.2292    0.6389    0.0375    0.0181 1139.7364 1059.5347    1.0744
   92.5000    0.0392    0.0973    0.2292    0.6389    0.0375    0.0181 1139.7364 1059.5347    1.0744
   93.0000    0.0392    0.0973    0.2292    0.6389    0.0375    0.0181 1139.7364 1059.5347    1.0744
   93.5000    0.0392    0.0973    0.2292    0.6389    0.0375    0.0181 1139.7364 1059.5347    1.0744
   94.0000    0.0392    0.0973    0.2292    0.6389    0.0375    0.0181 1139.7364 1059.5347    1.0744
   94.5000    0.0392    0.0973    0.2292    0.6389    0.0375    0.0181 1139.7364 1059.5347    1.0744
   95.0000    0.0392    0.0973    0.2292    0.6389    0.0375    0.0181 1139.7364 1059.5347    1.0744
   95.5000    0.0392    0.0973    0.2292    0.6389    0.0375    0.0181 1139.7364 1059.5347    1.0744
   96.0000    0.0392    0.0973    0.2292    0.6389    0.0375    0.0181 1139.7364 1059.5347    1.0744
   96.5000    0.0392    0.0973    0.2292    0.6389    0.0375    0.0181 1139.7364 1059.5347    1.0744
   97.0000    0.0392    0.0973    0.2292    0.6389    0.0375    0.0181 1139.7364 1059.5347    1.0744
   97.5000    0.0392    0.0973    0.2292    0.6389    0.0375    0.0181 1139.7364 1059.5347    1.0744
   98.0000    0.0392    0.0973    0.2292    0.6389    0.0375    0.0181 1139.7364 1059.5347    1.0744
   98.5000    0.0392    0.0973    0.2292    0.6389    0.0375    0.0181 1139.7364 1059.5347    1.0744
   99.0000    0.0392    0.0973    0.2292    0.6389    0.0375    0.0181 1139.7364 1059.5347    1.0744
   99.5000    0.0392    0.0973    0.2292    0.6389    0.0375    0.0181 1139.7364 1059.5347    1.0744
  100.0000    0.0392    0.0973    0.2292    0.6389    0.0375    0.0181 1139.7364 1059.5347    1.0744
