         t         r       w_H       w_L      w_HL      s_LH      s_LL
    0.0000    0.0523    0.0366    0.0262    1.4012    0.1689    0.3360
    0.5000    0.0514    0.0364    0.0259    1.4043    0.1670    0.3315
    1.0000    0.0507    0.0360    0.0256    1.4079    0.1652    0.3271
    1.5000    0.0506    0.0354    0.0251    1.4122    0.1636    0.3229
    2.0000    0.0512    0.0345    0.0244    1.4173    0.1622    0.3191
    2.5000    0.0525    0.0334    0.0235    1.4228    0.1614    0.3161
    3.0000    0.0544    0.0322    0.0225    1.4284    0.1610    0.3141
    3.5000    0.0565    0.0310    0.0216    1.4333    0.1611    0.3133
    4.0000    0.0587    0.0300    0.0209    1.4372    0.1616    0.3133
    4.5000    0.0605    0.0292    0.0203    1.4399    0.1622    0.3139
    5.0000    0.0620    0.0287    0.0199    1.4417    0.1627    0.3146
    5.5000    0.0630    0.0283    0.0196    1.4428    0.1632    0.3152
    6.0000    0.0636    0.0282    0.0195    1.4433    0.1635    0.3157
    6.5000    0.0639    0.0281    0.0194    1.4436    0.1636    0.3159
    7.0000    0.0641    0.0280    0.0194    1.4438    0.1637    0.3161
    7.5000    0.0641    0.0280    0.0194    1.4438    0.1637    0.3161
    8.0000    0.0641    0.0280    0.0194    1.4439    0.1637    0.3161
    8.5000    0.0641    0.0280    0.0194    1.4439    0.1637    0.3161
    9.0000    0.0641    0.0280    0.0194    1.4439    0.1637    0.3161
    9.5000    0.0641    0.0280    0.0194    1.4439    0.1637    0.3161
   10.0000    0.0641    0.0280    0.0194    1.4439    0.1637    0.3161
   10.5000    0.0641    0.0280    0.0194    1.4439    0.1637    0.3161
   11.0000    0.0641    0.0280    0.0194    1.4439    0.1637    0.3161
   11.5000    0.0641    0.0280    0.0194    1.4439    0.1637    0.3161
   12.0000    0.0641    0.0280    0.0194    1.4439    0.1637    0.3161
   12.5000    0.0641    0.0280    0.0194    1.4439    0.1637    0.3161
   13.0000    0.0641    0.0280    0.0194    1.4439    0.1637    0.3161
   13.5000    0.0641    0.0280    0.0194    1.4439    0.1637    0.3161
   14.0000    0.0641    0.0280    0.0194    1.4439    0.1637    0.3161
   14.5000    0.0641    0.0280    0.0194    1.4439    0.1637    0.3161
   15.0000    0.0641    0.0280    0.0194    1.4439    0.1637    0.3161
   15.5000    0.0641    0.0280    0.0194    1.4439    0.1637    0.3161
   16.0000    0.0641    0.0280    0.0194    1.4439    0.1637    0.3161
   16.5000    0.0641    0.0280    0.0194    1.4439    0.1637    0.3161
   17.0000    0.0641    0.0280    0.0194    1.4439    0.1637    0.3161
   17.5000    0.0641    0.0280    0.0194    1.4439    0.1637    0.3161
   18.0000    0.0641    0.0280    0.0194    1.4439    0.1637    0.3161
   18.5000    0.0641    0.0280    0.0194    1.4439    0.1637    0.3161
   19.0000    0.0641    0.0280    0.0194    1.4439    0.1637    0.3161
   19.5000    0.0641    0.0280    0.0194    1.4439    0.1637    0.3161
   20.0000    0.0641    0.0280    0.0194    1.4439    0.1637    0.3161
   20.5000    0.0641    0.0280    0.0194    1.4439    0.1637    0.3161
   21.0000    0.0641    0.0280    0.0194    1.4439    0.1637    0.3161
   21.5000    0.0641    0.0280    0.0194    1.4439    0.1637    0.3161
   22.0000    0.0641    0.0280    0.0194    1.4439    0.1637    0.3161
   22.5000    0.0641    0.0280    0.0194    1.4439    0.1637    0.3161
   23.0000    0.0641    0.0280    0.0194    1.4439    0.1637    0.3161
   23.5000    0.0641    0.0280    0.0194    1.4439    0.1637    0.3161
   24.0000    0.0641    0.0280    0.0194    1.4439    0.1637    0.3161
   24.5000    0.0641    0.0280    0.0194    1.4439    0.1637    0.3161
   25.0000    0.0641    0.0280    0.0194    1.4439    0.1637    0.3161
   25.5000    0.0641    0.0280    0.0194    1.4439    0.1637    0.3161
   26.0000    0.0641    0.0280    0.0194    1.4439    0.1637    0.3161
   26.5000    0.0641    0.0280    0.0194    1.4439    0.1637    0.3161
   27.0000    0.0641    0.0280    0.0194    1.4439    0.1637    0.3161
   27.5000    0.0641    0.0280    0.0194    1.4439    0.1637    0.3161
   28.0000    0.0641    0.0280    0.0194    1.4439    0.1637    0.3161
   28.5000    0.0641    0.0280    0.0194    1.4439    0.1637    0.3161
   29.0000    0.0641    0.0280    0.0194    1.4439    0.1637    0.3161
   29.5000    0.0641    0.0280    0.0194    1.4439    0.1637    0.3161
   30.0000    0.0641    0.0280    0.0194    1.4439    0.1637    0.3161
   30.5000    0.0641    0.0280    0.0194    1.4439    0.1637    0.3161
   31.0000    0.0641    0.0280    0.0194    1.4439    0.1637    0.3161
   31.5000    0.0641    0.0280    0.0194    1.4439    0.1637    0.3161
   32.0000    0.0641    0.0280    0.0194    1.4439    0.1637    0.3161
   32.5000    0.0641    0.0280    0.0194    1.4439    0.1637    0.3161
   33.0000    0.0641    0.0280    0.0194    1.4439    0.1637    0.3161
   33.5000    0.0641    0.0280    0.0194    1.4439    0.1637    0.3161
   34.0000    0.0641    0.0280    0.0194    1.4439    0.1637    0.3161
   34.5000    0.0641    0.0280    0.0194    1.4439    0.1637    0.3161
   35.0000    0.0641    0.0280    0.0194    1.4439    0.1637    0.3161
   35.5000    0.0641    0.0280    0.0194    1.4439    0.1637    0.3161
   36.0000    0.0641    0.0280    0.0194    1.4439    0.1637    0.3161
   36.5000    0.0641    0.0280    0.0194    1.4439    0.1637    0.3161
   37.0000    0.0641    0.0280    0.0194    1.4439    0.1637    0.3161
   37.5000    0.0641    0.0280    0.0194    1.4439    0.1637    0.3161
   38.0000    0.0641    0.0280    0.0194    1.4439    0.1637    0.3161
   38.5000    0.0641    0.0280    0.0194    1.4439    0.1637    0.3161
   39.0000    0.0641    0.0280    0.0194    1.4439    0.1637    0.3161
   39.5000    0.0641    0.0280    0.0194    1.4439    0.1637    0.3161
   40.0000    0.0641    0.0280    0.0194    1.4439    0.1637    0.3161
   40.5000    0.0641    0.0280    0.0194    1.4439    0.1637    0.3161
   41.0000    0.0641    0.0280    0.0194    1.4439    0.1637    0.3161
   41.5000    0.0641    0.0280    0.0194    1.4439    0.1637    0.3161
   42.0000    0.0641    0.0280    0.0194    1.4439    0.1637    0.3161
   42.5000    0.0641    0.0280    0.0194    1.4439    0.1637    0.3161
   43.0000    0.0641    0.0280    0.0194    1.4439    0.1637    0.3161
   43.5000    0.0641    0.0280    0.0194    1.4439    0.1637    0.3161
   44.0000    0.0641    0.0280    0.0194    1.4439    0.1637    0.3161
   44.5000    0.0641    0.0280    0.0194    1.4439    0.1637    0.3161
   45.0000    0.0641    0.0280    0.0194    1.4439    0.1637    0.3161
   45.5000    0.0641    0.0280    0.0194    1.4439    0.1637    0.3161
   46.0000    0.0641    0.0280    0.0194    1.4439    0.1637    0.3161
   46.5000    0.0641    0.0280    0.0194    1.4439    0.1637    0.3161
   47.0000    0.0641    0.0280    0.0194    1.4439    0.1637    0.3161
   47.5000    0.0641    0.0280    0.0194    1.4439    0.1637    0.3161
   48.0000    0.0641    0.0280    0.0194    1.4439    0.1637    0.3161
   48.5000    0.0641    0.0280    0.0194    1.4439    0.1637    0.3161
   49.0000    0.0641    0.0280    0.0194    1.4439    0.1637    0.3161
   49.5000    0.0641    0.0280    0.0194    1.4439    0.1637    0.3161
   50.0000    0.0641    0.0280    0.0194    1.4439    0.1637    0.3161
   50.5000    0.0641    0.0280    0.0194    1.4439    0.1637    0.3161
   51.0000    0.0641    0.0280    0.0194    1.4439    0.1637    0.3161
   51.5000    0.0641    0.0280    0.0194    1.4439    0.1637    0.3161
   52.0000    0.0641    0.0280    0.0194    1.4439    0.1637    0.3161
   52.5000    0.0641    0.0280    0.0194    1.4439    0.1637    0.3161
   53.0000    0.0641    0.0280    0.0194    1.4439    0.1637    0.3161
   53.5000    0.0641    0.0280    0.0194    1.4439    0.1637    0.3161
   54.0000    0.0641    0.0280    0.0194    1.4439    0.1637    0.3161
   54.5000    0.0641    0.0280    0.0194    1.4439    0.1637    0.3161
   55.0000    0.0641    0.0280    0.0194    1.4439    0.1637    0.3161
   55.5000    0.0641    0.0280    0.0194    1.4439    0.1637    0.3161
   56.0000    0.0641    0.0280    0.0194    1.4439    0.1637    0.3161
   56.5000    0.0641    0.0280    0.0194    1.4439    0.1637    0.3161
   57.0000    0.0641    0.0280    0.0194    1.4439    0.1637    0.3161
   57.5000    0.0641    0.0280    0.0194    1.4439    0.1637    0.3161
   58.0000    0.0641    0.0280    0.0194    1.4439    0.1637    0.3161
   58.5000    0.0641    0.0280    0.0194    1.4439    0.1637    0.3161
   59.0000    0.0641    0.0280    0.0194    1.4439    0.1637    0.3161
   59.5000    0.0641    0.0280    0.0194    1.4439    0.1637    0.3161
   60.0000    0.0641    0.0280    0.0194    1.4439    0.1637    0.3161
   60.5000    0.0641    0.0280    0.0194    1.4439    0.1637    0.3161
   61.0000    0.0641    0.0280    0.0194    1.4439    0.1637    0.3161
   61.5000    0.0641    0.0280    0.0194    1.4439    0.1637    0.3161
   62.0000    0.0641    0.0280    0.0194    1.4439    0.1637    0.3161
   62.5000    0.0641    0.0280    0.0194    1.4439    0.1637    0.3161
   63.0000    0.0641    0.0280    0.0194    1.4439    0.1637    0.3161
   63.5000    0.0641    0.0280    0.0194    1.4439    0.1637    0.3161
   64.0000    0.0641    0.0280    0.0194    1.4439    0.1637    0.3161
   64.5000    0.0641    0.0280    0.0194    1.4439    0.1637    0.3161
   65.0000    0.0641    0.0280    0.0194    1.4439    0.1637    0.3161
   65.5000    0.0641    0.0280    0.0194    1.4439    0.1637    0.3161
   66.0000    0.0641    0.0280    0.0194    1.4439    0.1637    0.3161
   66.5000    0.0641    0.0280    0.0194    1.4439    0.1637    0.3161
   67.0000    0.0641    0.0280    0.0194    1.4439    0.1637    0.3161
   67.5000    0.0641    0.0280    0.0194    1.4439    0.1637    0.3161
   68.0000    0.0641    0.0280    0.0194    1.4439    0.1637    0.3161
   68.5000    0.0641    0.0280    0.0194    1.4439    0.1637    0.3161
   69.0000    0.0641    0.0280    0.0194    1.4439    0.1637    0.3161
   69.5000    0.0641    0.0280    0.0194    1.4439    0.1637    0.3161
   70.0000    0.0641    0.0280    0.0194    1.4439    0.1637    0.3161
   70.5000    0.0641    0.0280    0.0194    1.4439    0.1637    0.3161
   71.0000    0.0641    0.0280    0.0194    1.4439    0.1637    0.3161
   71.5000    0.0641    0.0280    0.0194    1.4439    0.1637    0.3161
   72.0000    0.0641    0.0280    0.0194    1.4439    0.1637    0.3161
   72.5000    0.0641    0.0280    0.0194    1.4439    0.1637    0.3161
   73.0000    0.0641    0.0280    0.0194    1.4439    0.1637    0.3161
   73.5000    0.0641    0.0280    0.0194    1.4439    0.1637    0.3161
   74.0000    0.0641    0.0280    0.0194    1.4439    0.1637    0.3161
   74.5000    0.0641    0.0280    0.0194    1.4439    0.1637    0.3161
   75.0000    0.0641    0.0280    0.0194    1.4439    0.1637    0.3161
   75.5000    0.0641    0.0280    0.0194    1.4439    0.1637    0.3161
   76.0000    0.0641    0.0280    0.0194    1.4439    0.1637    0.3161
   76.5000    0.0641    0.0280    0.0194    1.4439    0.1637    0.3161
   77.0000    0.0641    0.0280    0.0194    1.4439    0.1637    0.3161
   77.5000    0.0641    0.0280    0.0194    1.4439    0.1637    0.3161
   78.0000    0.0641    0.0280    0.0194    1.4439    0.1637    0.3161
   78.5000    0.0641    0.0280    0.0194    1.4439    0.1637    0.3161
   79.0000    0.0641    0.0280    0.0194    1.4439    0.1637    0.3161
   79.5000    0.0641    0.0280    0.0194    1.4439    0.1637    0.3161
   80.0000    0.0641    0.0280    0.0194    1.4439    0.1637    0.3161
   80.5000    0.0641    0.0280    0.0194    1.4439    0.1637    0.3161
   81.0000    0.0641    0.0280    0.0194    1.4439    0.1637    0.3161
   81.5000    0.0641    0.0280    0.0194    1.4439    0.1637    0.3161
   82.0000    0.0641    0.0280    0.0194    1.4439    0.1637    0.3161
   82.5000    0.0641    0.0280    0.0194    1.4439    0.1637    0.3161
   83.0000    0.0641    0.0280    0.0194    1.4439    0.1637    0.3161
   83.5000    0.0641    0.0280    0.0194    1.4439    0.1637    0.3161
   84.0000    0.0641    0.0280    0.0194    1.4439    0.1637    0.3161
   84.5000    0.0641    0.0280    0.0194    1.4439    0.1637    0.3161
   85.0000    0.0641    0.0280    0.0194    1.4439    0.1637    0.3161
   85.5000    0.0641    0.0280    0.0194    1.4439    0.1637    0.3161
   86.0000    0.0641    0.0280    0.0194    1.4439    0.1637    0.3161
   86.5000    0.0641    0.0280    0.0194    1.4439    0.1637    0.3161
   87.0000    0.0641    0.0280    0.0194    1.4439    0.1637    0.3161
   87.5000    0.0641    0.0280    0.0194    1.4439    0.1637    0.3161
   88.0000    0.0641    0.0280    0.0194    1.4439    0.1637    0.3161
   88.5000    0.0641    0.0280    0.0194    1.4439    0.1637    0.3161
   89.0000    0.0641    0.0280    0.0194    1.4439    0.1637    0.3161
   89.5000    0.0641    0.0280    0.0194    1.4439    0.1637    0.3161
   90.0000    0.0641    0.0280    0.0194    1.4439    0.1637    0.3161
   90.5000    0.0641    0.0280    0.0194    1.4439    0.1637    0.3161
   91.0000    0.0641    0.0280    0.0194    1.4439    0.1637    0.3161
   91.5000    0.0641    0.0280    0.0194    1.4439    0.1637    0.3161
   92.0000    0.0641    0.0280    0.0194    1.4439    0.1637    0.3161
   92.5000    0.0641    0.0280    0.0194    1.4439    0.1637    0.3161
   93.0000    0.0641    0.0280    0.0194    1.4439    0.1637    0.3161
   93.5000    0.0641    0.0280    0.0194    1.4439    0.1637    0.3161
   94.0000    0.0641    0.0280    0.0194    1.4439    0.1637    0.3161
   94.5000    0.0641    0.0280    0.0194    1.4439    0.1637    0.3161
   95.0000    0.0641    0.0280    0.0194    1.4439    0.1637    0.3161
   95.5000    0.0641    0.0280    0.0194    1.4439    0.1637    0.3161
   96.0000    0.0641    0.0280    0.0194    1.4439    0.1637    0.3161
   96.5000    0.0641    0.0280    0.0194    1.4439    0.1637    0.3161
   97.0000    0.0641    0.0280    0.0194    1.4439    0.1637    0.3161
   97.5000    0.0641    0.0280    0.0194    1.4439    0.1637    0.3161
   98.0000    0.0641    0.0280    0.0194    1.4439    0.1637    0.3161
   98.5000    0.0641    0.0280    0.0194    1.4439    0.1637    0.3161
   99.0000    0.0641    0.0280    0.0194    1.4439    0.1637    0.3161
   99.5000    0.0641    0.0280    0.0194    1.4439    0.1637    0.3161
  100.0000    0.0641    0.0280    0.0194    1.4439    0.1637    0.3161
