         t       p_N       p_I     eps_N     eps_I
    0.0000    0.1526    2.2220    0.0019    0.0280
    0.5000    0.1076    1.5586    0.0002    0.0165
    1.0000    0.1152    1.5545    0.0002    0.0166
    1.5000    0.1151    1.5482    0.0002    0.0168
    2.0000    0.1126    1.5410    0.0002    0.0170
    2.5000    0.1128    1.5334    0.0002    0.0169
    3.0000    0.1053    1.5256    0.0003    0.0169
    3.5000    0.1031    1.5188    0.0003    0.0167
    4.0000    0.1049    1.5128    0.0003    0.0166
    4.5000    0.1045    1.5075    0.0003    0.0164
    5.0000    0.1325    1.5034    0.0004    0.0164
    5.5000    0.1230    1.5001    0.0004    0.0163
    6.0000    0.1044    1.4993    0.0004    0.0161
    6.5000    0.1343    1.5017    0.0004    0.0159
    7.0000    0.1334    1.5072    0.0004    0.0158
    7.5000    0.1129    1.5163    0.0005    0.0158
    8.0000    0.1399    1.5310    0.0005    0.0155
    8.5000    0.1436    1.5506    0.0006    0.0153
    9.0000    0.1356    1.5750    0.0007    0.0152
    9.5000    0.1617    1.6037    0.0008    0.0149
   10.0000    0.1537    1.6344    0.0009    0.0146
   10.5000    0.1622    1.6650    0.0011    0.0145
   11.0000    0.1682    1.6912    0.0012    0.0144
   11.5000    0.1863    1.7118    0.0013    0.0145
   12.0000    0.1733    1.7286    0.0013    0.0148
   12.5000    0.1792    1.7445    0.0014    0.0150
   13.0000    0.1808    1.7586    0.0016    0.0164
   13.5000    0.1850    1.7729    0.0016    0.0165
   14.0000    0.1859    1.7843    0.0019    0.0191
   14.5000    0.1963    1.7951    0.0019    0.0192
   15.0000    0.1982    1.8015    0.0030    0.0264
   15.5000    0.1998    1.8056    0.0030    0.0264
   16.0000    0.2007    1.8081    0.0030    0.0265
   16.5000    0.2016    1.8095    0.0030    0.0265
   17.0000    0.2016    1.8103    0.0030    0.0265
   17.5000    0.2017    1.8107    0.0030    0.0265
   18.0000    0.2017    1.8110    0.0030    0.0265
   18.5000    0.2017    1.8110    0.0030    0.0265
   19.0000    0.2017    1.8111    0.0030    0.0265
   19.5000    0.2017    1.8111    0.0030    0.0265
   20.0000    0.2017    1.8111    0.0030    0.0265
   20.5000    0.2017    1.8111    0.0030    0.0265
   21.0000    0.2017    1.8111    0.0030    0.0265
   21.5000    0.2017    1.8111    0.0030    0.0265
   22.0000    0.2017    1.8111    0.0030    0.0265
   22.5000    0.2017    1.8111    0.0030    0.0265
   23.0000    0.2017    1.8111    0.0030    0.0265
   23.5000    0.2017    1.8111    0.0030    0.0265
   24.0000    0.2017    1.8111    0.0030    0.0265
   24.5000    0.2017    1.8111    0.0030    0.0265
   25.0000    0.2016    1.8111    0.0030    0.0265
   25.5000    0.2016    1.8111    0.0030    0.0265
   26.0000    0.2016    1.8111    0.0030    0.0265
   26.5000    0.2016    1.8111    0.0030    0.0265
   27.0000    0.2016    1.8111    0.0030    0.0265
   27.5000    0.2016    1.8111    0.0030    0.0265
   28.0000    0.2016    1.8111    0.0030    0.0265
   28.5000    0.2016    1.8111    0.0030    0.0265
   29.0000    0.2016    1.8111    0.0030    0.0265
   29.5000    0.2016    1.8111    0.0030    0.0265
   30.0000    0.2016    1.8111    0.0030    0.0265
   30.5000    0.2016    1.8111    0.0030    0.0265
   31.0000    0.2016    1.8111    0.0030    0.0265
   31.5000    0.2016    1.8111    0.0030    0.0265
   32.0000    0.2016    1.8111    0.0030    0.0265
   32.5000    0.2016    1.8111    0.0030    0.0265
   33.0000    0.2016    1.8111    0.0030    0.0265
   33.5000    0.2016    1.8111    0.0030    0.0265
   34.0000    0.2016    1.8111    0.0030    0.0265
   34.5000    0.2016    1.8111    0.0030    0.0265
   35.0000    0.2016    1.8111    0.0030    0.0265
   35.5000    0.2016    1.8111    0.0030    0.0265
   36.0000    0.2016    1.8111    0.0030    0.0265
   36.5000    0.2016    1.8111    0.0030    0.0265
   37.0000    0.2016    1.8111    0.0030    0.0265
   37.5000    0.2016    1.8111    0.0030    0.0265
   38.0000    0.2016    1.8111    0.0030    0.0265
   38.5000    0.2016    1.8111    0.0030    0.0265
   39.0000    0.2016    1.8111    0.0030    0.0265
   39.5000    0.2016    1.8111    0.0030    0.0265
   40.0000    0.2016    1.8111    0.0030    0.0265
   40.5000    0.2016    1.8111    0.0030    0.0265
   41.0000    0.2016    1.8111    0.0030    0.0265
   41.5000    0.2016    1.8111    0.0030    0.0265
   42.0000    0.2016    1.8111    0.0030    0.0265
   42.5000    0.2016    1.8111    0.0030    0.0265
   43.0000    0.2016    1.8111    0.0030    0.0265
   43.5000    0.2016    1.8111    0.0030    0.0265
   44.0000    0.2016    1.8111    0.0030    0.0265
   44.5000    0.2016    1.8111    0.0030    0.0265
   45.0000    0.2016    1.8111    0.0030    0.0265
   45.5000    0.2016    1.8111    0.0030    0.0265
   46.0000    0.2016    1.8111    0.0030    0.0265
   46.5000    0.2016    1.8111    0.0030    0.0265
   47.0000    0.2016    1.8111    0.0030    0.0265
   47.5000    0.2016    1.8111    0.0030    0.0265
   48.0000    0.2016    1.8111    0.0030    0.0265
   48.5000    0.2016    1.8111    0.0030    0.0265
   49.0000    0.2016    1.8111    0.0030    0.0265
   49.5000    0.2016    1.8111    0.0030    0.0265
   50.0000    0.2016    1.8111    0.0030    0.0265
   50.5000    0.2016    1.8111    0.0030    0.0265
   51.0000    0.2016    1.8111    0.0030    0.0265
   51.5000    0.2016    1.8111    0.0030    0.0265
   52.0000    0.2016    1.8111    0.0030    0.0265
   52.5000    0.2016    1.8111    0.0030    0.0265
   53.0000    0.2016    1.8111    0.0030    0.0265
   53.5000    0.2016    1.8111    0.0030    0.0265
   54.0000    0.2016    1.8111    0.0030    0.0265
   54.5000    0.2016    1.8111    0.0030    0.0265
   55.0000    0.2016    1.8111    0.0030    0.0265
   55.5000    0.2016    1.8111    0.0030    0.0265
   56.0000    0.2016    1.8111    0.0030    0.0265
   56.5000    0.2016    1.8111    0.0030    0.0265
   57.0000    0.2016    1.8111    0.0030    0.0265
   57.5000    0.2016    1.8111    0.0030    0.0265
   58.0000    0.2016    1.8111    0.0030    0.0265
   58.5000    0.2016    1.8111    0.0030    0.0265
   59.0000    0.2016    1.8111    0.0030    0.0265
   59.5000    0.2016    1.8111    0.0030    0.0265
   60.0000    0.2016    1.8111    0.0030    0.0265
   60.5000    0.2016    1.8111    0.0030    0.0265
   61.0000    0.2016    1.8111    0.0030    0.0265
   61.5000    0.2016    1.8111    0.0030    0.0265
   62.0000    0.2016    1.8111    0.0030    0.0265
   62.5000    0.2016    1.8111    0.0030    0.0265
   63.0000    0.2016    1.8111    0.0030    0.0265
   63.5000    0.2016    1.8111    0.0030    0.0265
   64.0000    0.2016    1.8111    0.0030    0.0265
   64.5000    0.2016    1.8111    0.0030    0.0265
   65.0000    0.2016    1.8111    0.0030    0.0265
   65.5000    0.2016    1.8111    0.0030    0.0265
   66.0000    0.2016    1.8111    0.0030    0.0265
   66.5000    0.2016    1.8111    0.0030    0.0265
   67.0000    0.2016    1.8111    0.0030    0.0265
   67.5000    0.2016    1.8111    0.0030    0.0265
   68.0000    0.2016    1.8111    0.0030    0.0265
   68.5000    0.2016    1.8111    0.0030    0.0265
   69.0000    0.2016    1.8111    0.0030    0.0265
   69.5000    0.2016    1.8111    0.0030    0.0265
   70.0000    0.2016    1.8111    0.0030    0.0265
   70.5000    0.2016    1.8111    0.0030    0.0265
   71.0000    0.2016    1.8111    0.0030    0.0265
   71.5000    0.2016    1.8111    0.0030    0.0265
   72.0000    0.2016    1.8111    0.0030    0.0265
   72.5000    0.2016    1.8111    0.0030    0.0265
   73.0000    0.2016    1.8111    0.0030    0.0265
   73.5000    0.2016    1.8111    0.0030    0.0265
   74.0000    0.2016    1.8111    0.0030    0.0265
   74.5000    0.2016    1.8111    0.0030    0.0265
   75.0000    0.2016    1.8111    0.0030    0.0265
   75.5000    0.2016    1.8111    0.0030    0.0265
   76.0000    0.2016    1.8111    0.0030    0.0265
   76.5000    0.2016    1.8111    0.0030    0.0265
   77.0000    0.2016    1.8111    0.0030    0.0265
   77.5000    0.2016    1.8111    0.0030    0.0265
   78.0000    0.2016    1.8111    0.0030    0.0265
   78.5000    0.2016    1.8111    0.0030    0.0265
   79.0000    0.2016    1.8111    0.0030    0.0265
   79.5000    0.2016    1.8111    0.0030    0.0265
   80.0000    0.2016    1.8111    0.0030    0.0265
   80.5000    0.2016    1.8111    0.0030    0.0265
   81.0000    0.2016    1.8111    0.0030    0.0265
   81.5000    0.2016    1.8111    0.0030    0.0265
   82.0000    0.2016    1.8111    0.0030    0.0265
   82.5000    0.2016    1.8111    0.0030    0.0265
   83.0000    0.2016    1.8111    0.0030    0.0265
   83.5000    0.2016    1.8111    0.0030    0.0265
   84.0000    0.2016    1.8111    0.0030    0.0265
   84.5000    0.2016    1.8111    0.0030    0.0265
   85.0000    0.2016    1.8111    0.0030    0.0265
   85.5000    0.2016    1.8111    0.0030    0.0265
   86.0000    0.2016    1.8111    0.0030    0.0265
   86.5000    0.2016    1.8111    0.0030    0.0265
   87.0000    0.2016    1.8111    0.0030    0.0265
   87.5000    0.2016    1.8111    0.0030    0.0265
   88.0000    0.2016    1.8111    0.0030    0.0265
   88.5000    0.2016    1.8111    0.0030    0.0265
   89.0000    0.2016    1.8111    0.0030    0.0265
   89.5000    0.2016    1.8111    0.0030    0.0265
   90.0000    0.2016    1.8111    0.0030    0.0265
   90.5000    0.2016    1.8111    0.0030    0.0265
   91.0000    0.2016    1.8111    0.0030    0.0265
   91.5000    0.2016    1.8111    0.0030    0.0265
   92.0000    0.2016    1.8111    0.0030    0.0265
   92.5000    0.2016    1.8111    0.0030    0.0265
   93.0000    0.2016    1.8111    0.0030    0.0265
   93.5000    0.2016    1.8111    0.0030    0.0265
   94.0000    0.2016    1.8111    0.0030    0.0265
   94.5000    0.2016    1.8111    0.0030    0.0265
   95.0000    0.2016    1.8111    0.0030    0.0265
   95.5000    0.2016    1.8111    0.0030    0.0265
   96.0000    0.2016    1.8111    0.0030    0.0265
   96.5000    0.2016    1.8111    0.0030    0.0265
   97.0000    0.2016    1.8111    0.0030    0.0265
   97.5000    0.2016    1.8111    0.0030    0.0265
   98.0000    0.2016    1.8111    0.0030    0.0265
   98.5000    0.2016    1.8111    0.0030    0.0265
   99.0000    0.2016    1.8111    0.0030    0.0265
   99.5000    0.2016    1.8111    0.0030    0.0265
  100.0000    0.2016    1.8111    0.0030    0.0265
