         t         y         k       L_H       L_L       c_H       c_L       V_H       V_L      V_HL
    0.0000    0.0497    0.1249    0.2292    0.6389    0.0371    0.0178 1124.2575 1044.5248    1.0867
    1.0000    0.0491    0.1249    0.2292    0.6389    0.0371    0.0178 1125.6478 1045.8166    1.0867
    2.0000    0.0486    0.1249    0.2292    0.6389    0.0371    0.0178 1126.9950 1047.0682    1.0867
    3.0000    0.0481    0.1249    0.2292    0.6389    0.0371    0.0178 1128.3106 1048.2905    1.0867
    4.0000    0.0477    0.1247    0.2292    0.6389    0.0371    0.0178 1129.6003 1049.4887    1.0867
    5.0000    0.0473    0.1242    0.2292    0.6389    0.0371    0.0178 1130.8616 1050.6606    1.0867
    6.0000    0.0469    0.1233    0.2292    0.6389    0.0371    0.0178 1132.0830 1051.7953    1.0867
    7.0000    0.0464    0.1219    0.2292    0.6389    0.0371    0.0178 1133.2352 1052.8658    1.0867
    8.0000    0.0457    0.1197    0.2292    0.6389    0.0371    0.0178 1134.2890 1053.8449    1.0867
    9.0000    0.0449    0.1169    0.2292    0.6389    0.0371    0.0178 1135.2159 1054.7061    1.0867
   10.0000    0.0440    0.1137    0.2292    0.6389    0.0371    0.0178 1136.0013 1055.4358    1.0867
   11.0000    0.0432    0.1103    0.2292    0.6389    0.0371    0.0178 1136.6349 1056.0244    1.0867
   12.0000    0.0423    0.1071    0.2292    0.6389    0.0371    0.0178 1137.1191 1056.4743    1.0867
   13.0000    0.0414    0.1043    0.2292    0.6389    0.0371    0.0178 1137.4700 1056.8003    1.0867
   14.0000    0.0407    0.1020    0.2292    0.6389    0.0371    0.0178 1137.7119 1057.0251    1.0867
   15.0000    0.0401    0.1002    0.2292    0.6389    0.0371    0.0178 1137.8705 1057.1724    1.0867
   16.0000    0.0396    0.0990    0.2292    0.6389    0.0371    0.0178 1137.9685 1057.2635    1.0867
   17.0000    0.0393    0.0982    0.2292    0.6389    0.0371    0.0178 1138.0270 1057.3178    1.0867
   18.0000    0.0391    0.0977    0.2292    0.6389    0.0371    0.0178 1138.0603 1057.3487    1.0867
   19.0000    0.0390    0.0974    0.2292    0.6389    0.0371    0.0178 1138.0784 1057.3655    1.0867
   20.0000    0.0390    0.0972    0.2292    0.6389    0.0371    0.0178 1138.0878 1057.3743    1.0867
   21.0000    0.0389    0.0971    0.2292    0.6389    0.0371    0.0178 1138.0926 1057.3787    1.0867
   22.0000    0.0389    0.0971    0.2292    0.6389    0.0371    0.0178 1138.0949 1057.3809    1.0867
   23.0000    0.0389    0.0971    0.2292    0.6389    0.0371    0.0178 1138.0959 1057.3818    1.0867
   24.0000    0.0389    0.0971    0.2292    0.6389    0.0371    0.0178 1138.0964 1057.3823    1.0867
   25.0000    0.0389    0.0971    0.2292    0.6389    0.0371    0.0178 1138.0966 1057.3825    1.0867
   26.0000    0.0389    0.0971    0.2292    0.6389    0.0371    0.0178 1138.0967 1057.3826    1.0867
   27.0000    0.0389    0.0971    0.2292    0.6389    0.0371    0.0178 1138.0967 1057.3826    1.0867
   28.0000    0.0389    0.0971    0.2292    0.6389    0.0371    0.0178 1138.0967 1057.3826    1.0867
   29.0000    0.0389    0.0971    0.2292    0.6389    0.0371    0.0178 1138.0967 1057.3826    1.0867
   30.0000    0.0389    0.0971    0.2292    0.6389    0.0371    0.0178 1138.0967 1057.3826    1.0867
   31.0000    0.0389    0.0971    0.2292    0.6389    0.0371    0.0178 1138.0967 1057.3826    1.0867
   32.0000    0.0389    0.0971    0.2292    0.6389    0.0371    0.0178 1138.0967 1057.3826    1.0867
   33.0000    0.0389    0.0971    0.2292    0.6389    0.0371    0.0178 1138.0967 1057.3826    1.0867
   34.0000    0.0389    0.0971    0.2292    0.6389    0.0371    0.0178 1138.0967 1057.3826    1.0867
   35.0000    0.0389    0.0971    0.2292    0.6389    0.0371    0.0178 1138.0967 1057.3826    1.0867
   36.0000    0.0389    0.0971    0.2292    0.6389    0.0371    0.0178 1138.0967 1057.3826    1.0867
   37.0000    0.0389    0.0971    0.2292    0.6389    0.0371    0.0178 1138.0967 1057.3826    1.0867
   38.0000    0.0389    0.0971    0.2292    0.6389    0.0371    0.0178 1138.0967 1057.3826    1.0867
   39.0000    0.0389    0.0971    0.2292    0.6389    0.0371    0.0178 1138.0967 1057.3826    1.0867
   40.0000    0.0389    0.0971    0.2292    0.6389    0.0371    0.0178 1138.0967 1057.3826    1.0867
   41.0000    0.0389    0.0971    0.2292    0.6389    0.0371    0.0178 1138.0967 1057.3826    1.0867
   42.0000    0.0389    0.0971    0.2292    0.6389    0.0371    0.0178 1138.0967 1057.3826    1.0867
   43.0000    0.0389    0.0971    0.2292    0.6389    0.0371    0.0178 1138.0967 1057.3826    1.0867
   44.0000    0.0389    0.0971    0.2292    0.6389    0.0371    0.0178 1138.0967 1057.3826    1.0867
   45.0000    0.0389    0.0971    0.2292    0.6389    0.0371    0.0178 1138.0967 1057.3826    1.0867
   46.0000    0.0389    0.0971    0.2292    0.6389    0.0371    0.0178 1138.0967 1057.3826    1.0867
   47.0000    0.0389    0.0971    0.2292    0.6389    0.0371    0.0178 1138.0967 1057.3826    1.0867
   48.0000    0.0389    0.0971    0.2292    0.6389    0.0371    0.0178 1138.0967 1057.3826    1.0867
   49.0000    0.0389    0.0971    0.2292    0.6389    0.0371    0.0178 1138.0967 1057.3826    1.0867
   50.0000    0.0389    0.0971    0.2292    0.6389    0.0371    0.0178 1138.0967 1057.3826    1.0867
   51.0000    0.0389    0.0971    0.2292    0.6389    0.0371    0.0178 1138.0967 1057.3826    1.0867
   52.0000    0.0389    0.0971    0.2292    0.6389    0.0371    0.0178 1138.0967 1057.3826    1.0867
   53.0000    0.0389    0.0971    0.2292    0.6389    0.0371    0.0178 1138.0967 1057.3826    1.0867
   54.0000    0.0389    0.0971    0.2292    0.6389    0.0371    0.0178 1138.0967 1057.3826    1.0867
   55.0000    0.0389    0.0971    0.2292    0.6389    0.0371    0.0178 1138.0967 1057.3826    1.0867
   56.0000    0.0389    0.0971    0.2292    0.6389    0.0371    0.0178 1138.0967 1057.3826    1.0867
   57.0000    0.0389    0.0971    0.2292    0.6389    0.0371    0.0178 1138.0967 1057.3826    1.0867
   58.0000    0.0389    0.0971    0.2292    0.6389    0.0371    0.0178 1138.0967 1057.3826    1.0867
   59.0000    0.0389    0.0971    0.2292    0.6389    0.0371    0.0178 1138.0967 1057.3826    1.0867
   60.0000    0.0389    0.0971    0.2292    0.6389    0.0371    0.0178 1138.0967 1057.3826    1.0867
   61.0000    0.0389    0.0971    0.2292    0.6389    0.0371    0.0178 1138.0967 1057.3826    1.0867
   62.0000    0.0389    0.0971    0.2292    0.6389    0.0371    0.0178 1138.0967 1057.3826    1.0867
   63.0000    0.0389    0.0971    0.2292    0.6389    0.0371    0.0178 1138.0967 1057.3826    1.0867
   64.0000    0.0389    0.0971    0.2292    0.6389    0.0371    0.0178 1138.0967 1057.3826    1.0867
   65.0000    0.0389    0.0971    0.2292    0.6389    0.0371    0.0178 1138.0967 1057.3826    1.0867
   66.0000    0.0389    0.0971    0.2292    0.6389    0.0371    0.0178 1138.0967 1057.3826    1.0867
   67.0000    0.0389    0.0971    0.2292    0.6389    0.0371    0.0178 1138.0967 1057.3826    1.0867
   68.0000    0.0389    0.0971    0.2292    0.6389    0.0371    0.0178 1138.0967 1057.3826    1.0867
   69.0000    0.0389    0.0971    0.2292    0.6389    0.0371    0.0178 1138.0967 1057.3826    1.0867
   70.0000    0.0389    0.0971    0.2292    0.6389    0.0371    0.0178 1138.0967 1057.3826    1.0867
   71.0000    0.0389    0.0971    0.2292    0.6389    0.0371    0.0178 1138.0967 1057.3826    1.0867
   72.0000    0.0389    0.0971    0.2292    0.6389    0.0371    0.0178 1138.0967 1057.3826    1.0867
   73.0000    0.0389    0.0971    0.2292    0.6389    0.0371    0.0178 1138.0967 1057.3826    1.0867
   74.0000    0.0389    0.0971    0.2292    0.6389    0.0371    0.0178 1138.0967 1057.3826    1.0867
   75.0000    0.0389    0.0971    0.2292    0.6389    0.0371    0.0178 1138.0967 1057.3826    1.0867
   76.0000    0.0389    0.0971    0.2292    0.6389    0.0371    0.0178 1138.0967 1057.3826    1.0867
   77.0000    0.0389    0.0971    0.2292    0.6389    0.0371    0.0178 1138.0967 1057.3826    1.0867
   78.0000    0.0389    0.0971    0.2292    0.6389    0.0371    0.0178 1138.0967 1057.3826    1.0867
   79.0000    0.0389    0.0971    0.2292    0.6389    0.0371    0.0178 1138.0967 1057.3826    1.0867
   80.0000    0.0389    0.0971    0.2292    0.6389    0.0371    0.0178 1138.0967 1057.3826    1.0867
   81.0000    0.0389    0.0971    0.2292    0.6389    0.0371    0.0178 1138.0967 1057.3826    1.0867
   82.0000    0.0389    0.0971    0.2292    0.6389    0.0371    0.0178 1138.0967 1057.3826    1.0867
   83.0000    0.0389    0.0971    0.2292    0.6389    0.0371    0.0178 1138.0967 1057.3826    1.0867
   84.0000    0.0389    0.0971    0.2292    0.6389    0.0371    0.0178 1138.0967 1057.3826    1.0867
   85.0000    0.0389    0.0971    0.2292    0.6389    0.0371    0.0178 1138.0967 1057.3826    1.0867
   86.0000    0.0389    0.0971    0.2292    0.6389    0.0371    0.0178 1138.0967 1057.3826    1.0867
   87.0000    0.0389    0.0971    0.2292    0.6389    0.0371    0.0178 1138.0967 1057.3826    1.0867
   88.0000    0.0389    0.0971    0.2292    0.6389    0.0371    0.0178 1138.0967 1057.3826    1.0867
   89.0000    0.0389    0.0971    0.2292    0.6389    0.0371    0.0178 1138.0967 1057.3826    1.0867
   90.0000    0.0389    0.0971    0.2292    0.6389    0.0371    0.0178 1138.0967 1057.3826    1.0867
   91.0000    0.0389    0.0971    0.2292    0.6389    0.0371    0.0178 1138.0967 1057.3826    1.0867
   92.0000    0.0389    0.0971    0.2292    0.6389    0.0371    0.0178 1138.0967 1057.3826    1.0867
   93.0000    0.0389    0.0971    0.2292    0.6389    0.0371    0.0178 1138.0967 1057.3826    1.0867
   94.0000    0.0389    0.0971    0.2292    0.6389    0.0371    0.0178 1138.0967 1057.3826    1.0867
   95.0000    0.0389    0.0971    0.2292    0.6389    0.0371    0.0178 1138.0967 1057.3826    1.0867
   96.0000    0.0389    0.0971    0.2292    0.6389    0.0371    0.0178 1138.0967 1057.3826    1.0867
   97.0000    0.0389    0.0971    0.2292    0.6389    0.0371    0.0178 1138.0967 1057.3826    1.0867
   98.0000    0.0389    0.0971    0.2292    0.6389    0.0371    0.0178 1138.0967 1057.3826    1.0867
   99.0000    0.0389    0.0971    0.2292    0.6389    0.0371    0.0178 1138.0967 1057.3826    1.0867
  100.0000    0.0389    0.0971    0.2292    0.6389    0.0371    0.0178 1138.0967 1057.3826    1.0867
