         t         y         k       L_H       L_L       c_H       c_L       V_H       V_L      V_HL
    0.0000    0.0497    0.1249    0.2292    0.6389    0.0387    0.0181 1087.2601 1007.5849    1.1405
    1.0000    0.0467    0.1249    0.1822    0.6216    0.0385    0.0180 1088.1703 1008.4284    1.1405
    2.0000    0.0460    0.1249    0.1821    0.6265    0.0383    0.0179 1089.0936 1009.2840    1.1405
    3.0000    0.0452    0.1249    0.1820    0.6289    0.0381    0.0178 1090.0275 1010.1494    1.1405
    4.0000    0.0442    0.1248    0.1818    0.6317    0.0380    0.0177 1090.9340 1010.9894    1.1405
    5.0000    0.0432    0.1245    0.1816    0.6348    0.0378    0.0176 1091.8176 1011.8083    1.1405
    6.0000    0.0426    0.1239    0.1814    0.6353    0.0376    0.0176 1092.7778 1012.6981    1.1405
    7.0000    0.0423    0.1227    0.1813    0.6348    0.0375    0.0175 1093.7517 1013.6006    1.1405
    8.0000    0.0420    0.1209    0.1814    0.6366    0.0374    0.0175 1094.7330 1014.5099    1.1405
    9.0000    0.0414    0.1181    0.1826    0.6315    0.0373    0.0174 1095.6954 1015.4017    1.1405
   10.0000    0.0408    0.1145    0.1825    0.6378    0.0372    0.0174 1096.5923 1016.2329    1.1405
   11.0000    0.0395    0.1100    0.1872    0.6101    0.0371    0.0173 1097.3542 1016.9390    1.1405
   12.0000    0.0383    0.1048    0.1897    0.5971    0.0371    0.0173 1098.0471 1017.5810    1.1405
   13.0000    0.0373    0.0998    0.1914    0.5940    0.0371    0.0173 1098.6049 1018.0980    1.1405
   14.0000    0.0364    0.0964    0.1949    0.5777    0.0370    0.0173 1099.0351 1018.4965    1.1405
   15.0000    0.0361    0.0952    0.1942    0.5750    0.0370    0.0173 1099.4290 1018.8616    1.1405
   16.0000    0.0360    0.0952    0.1934    0.5757    0.0370    0.0173 1099.8708 1019.2710    1.1405
   17.0000    0.0358    0.0952    0.1926    0.5693    0.0369    0.0173 1100.3275 1019.6941    1.1405
   18.0000    0.0358    0.0952    0.1955    0.5628    0.0369    0.0172 1100.8202 1020.1507    1.1405
   19.0000    0.0358    0.0952    0.1946    0.5632    0.0368    0.0172 1101.3098 1020.6044    1.1405
   20.0000    0.0358    0.0952    0.1941    0.5661    0.0368    0.0172 1101.8175 1021.0748    1.1405
   21.0000    0.0357    0.0952    0.1962    0.5578    0.0368    0.0172 1102.3295 1021.5492    1.1405
   22.0000    0.0358    0.0952    0.1961    0.5638    0.0368    0.0172 1102.8482 1022.0299    1.1405
   23.0000    0.0365    0.0952    0.2037    0.5858    0.0368    0.0172 1103.3321 1022.4783    1.1405
   24.0000    0.0380    0.0952    0.2209    0.6259    0.0369    0.0172 1103.6703 1022.7917    1.1405
   25.0000    0.0380    0.0952    0.2209    0.6259    0.0369    0.0172 1103.6703 1022.7917    1.1405
   26.0000    0.0380    0.0952    0.2209    0.6259    0.0369    0.0172 1103.6703 1022.7916    1.1405
   27.0000    0.0380    0.0952    0.2209    0.6259    0.0369    0.0172 1103.6704 1022.7916    1.1405
   28.0000    0.0380    0.0952    0.2209    0.6259    0.0369    0.0172 1103.6704 1022.7916    1.1405
   29.0000    0.0380    0.0952    0.2209    0.6259    0.0369    0.0172 1103.6704 1022.7916    1.1405
   30.0000    0.0380    0.0952    0.2209    0.6259    0.0369    0.0172 1103.6704 1022.7916    1.1405
   31.0000    0.0380    0.0952    0.2209    0.6259    0.0369    0.0172 1103.6704 1022.7915    1.1405
   32.0000    0.0380    0.0952    0.2209    0.6259    0.0369    0.0172 1103.6705 1022.7915    1.1405
   33.0000    0.0380    0.0952    0.2209    0.6259    0.0369    0.0172 1103.6705 1022.7915    1.1405
   34.0000    0.0380    0.0952    0.2209    0.6259    0.0369    0.0172 1103.6705 1022.7915    1.1405
   35.0000    0.0380    0.0952    0.2209    0.6259    0.0369    0.0172 1103.6705 1022.7915    1.1405
   36.0000    0.0380    0.0952    0.2209    0.6259    0.0369    0.0172 1103.6706 1022.7914    1.1405
   37.0000    0.0380    0.0952    0.2209    0.6259    0.0369    0.0172 1103.6706 1022.7914    1.1405
   38.0000    0.0380    0.0952    0.2209    0.6259    0.0369    0.0172 1103.6706 1022.7914    1.1405
   39.0000    0.0380    0.0952    0.2209    0.6259    0.0369    0.0172 1103.6706 1022.7914    1.1405
   40.0000    0.0380    0.0952    0.2209    0.6259    0.0369    0.0172 1103.6707 1022.7914    1.1405
   41.0000    0.0380    0.0952    0.2209    0.6259    0.0369    0.0172 1103.6707 1022.7913    1.1405
   42.0000    0.0380    0.0952    0.2209    0.6259    0.0369    0.0172 1103.6707 1022.7913    1.1405
   43.0000    0.0380    0.0952    0.2209    0.6259    0.0369    0.0172 1103.6707 1022.7913    1.1405
   44.0000    0.0380    0.0952    0.2209    0.6259    0.0369    0.0172 1103.6708 1022.7913    1.1405
   45.0000    0.0380    0.0952    0.2209    0.6259    0.0369    0.0172 1103.6708 1022.7913    1.1406
   46.0000    0.0380    0.0952    0.2209    0.6259    0.0369    0.0172 1103.6708 1022.7912    1.1406
   47.0000    0.0380    0.0952    0.2209    0.6259    0.0369    0.0172 1103.6708 1022.7912    1.1406
   48.0000    0.0380    0.0952    0.2209    0.6259    0.0369    0.0172 1103.6709 1022.7912    1.1406
   49.0000    0.0380    0.0952    0.2209    0.6259    0.0369    0.0172 1103.6709 1022.7912    1.1406
   50.0000    0.0380    0.0952    0.2209    0.6259    0.0369    0.0172 1103.6709 1022.7912    1.1406
   51.0000    0.0380    0.0952    0.2209    0.6259    0.0369    0.0172 1103.6709 1022.7911    1.1406
   52.0000    0.0380    0.0952    0.2209    0.6259    0.0369    0.0172 1103.6710 1022.7911    1.1406
   53.0000    0.0380    0.0952    0.2209    0.6259    0.0369    0.0172 1103.6710 1022.7911    1.1406
   54.0000    0.0380    0.0952    0.2209    0.6259    0.0369    0.0172 1103.6710 1022.7911    1.1406
   55.0000    0.0380    0.0952    0.2209    0.6259    0.0369    0.0172 1103.6710 1022.7910    1.1406
   56.0000    0.0380    0.0952    0.2209    0.6259    0.0369    0.0172 1103.6711 1022.7910    1.1406
   57.0000    0.0380    0.0952    0.2209    0.6259    0.0369    0.0172 1103.6711 1022.7910    1.1406
   58.0000    0.0380    0.0952    0.2209    0.6259    0.0369    0.0172 1103.6711 1022.7910    1.1406
   59.0000    0.0380    0.0952    0.2209    0.6259    0.0369    0.0172 1103.6712 1022.7909    1.1406
   60.0000    0.0380    0.0952    0.2209    0.6259    0.0369    0.0172 1103.6712 1022.7909    1.1406
   61.0000    0.0380    0.0952    0.2209    0.6259    0.0369    0.0172 1103.6712 1022.7909    1.1406
   62.0000    0.0380    0.0952    0.2209    0.6259    0.0369    0.0172 1103.6712 1022.7909    1.1406
   63.0000    0.0380    0.0952    0.2209    0.6259    0.0369    0.0172 1103.6713 1022.7908    1.1406
   64.0000    0.0380    0.0952    0.2209    0.6259    0.0369    0.0172 1103.6713 1022.7908    1.1406
   65.0000    0.0380    0.0952    0.2209    0.6259    0.0369    0.0172 1103.6713 1022.7908    1.1406
   66.0000    0.0380    0.0952    0.2209    0.6259    0.0369    0.0172 1103.6714 1022.7908    1.1406
   67.0000    0.0380    0.0952    0.2209    0.6259    0.0369    0.0172 1103.6714 1022.7908    1.1406
   68.0000    0.0380    0.0952    0.2209    0.6259    0.0369    0.0172 1103.6714 1022.7907    1.1406
   69.0000    0.0380    0.0952    0.2209    0.6259    0.0369    0.0172 1103.6714 1022.7907    1.1406
   70.0000    0.0380    0.0952    0.2209    0.6259    0.0369    0.0172 1103.6715 1022.7907    1.1406
   71.0000    0.0380    0.0952    0.2209    0.6259    0.0369    0.0172 1103.6715 1022.7907    1.1406
   72.0000    0.0380    0.0952    0.2209    0.6259    0.0369    0.0172 1103.6715 1022.7906    1.1406
   73.0000    0.0380    0.0952    0.2209    0.6259    0.0369    0.0172 1103.6716 1022.7906    1.1406
   74.0000    0.0380    0.0952    0.2209    0.6259    0.0369    0.0172 1103.6716 1022.7906    1.1406
   75.0000    0.0380    0.0952    0.2209    0.6259    0.0369    0.0172 1103.6716 1022.7905    1.1406
   76.0000    0.0380    0.0952    0.2209    0.6259    0.0369    0.0172 1103.6717 1022.7905    1.1406
   77.0000    0.0380    0.0952    0.2209    0.6259    0.0369    0.0172 1103.6717 1022.7905    1.1406
   78.0000    0.0380    0.0952    0.2209    0.6259    0.0369    0.0172 1103.6717 1022.7905    1.1406
   79.0000    0.0380    0.0952    0.2209    0.6259    0.0369    0.0172 1103.6718 1022.7904    1.1406
   80.0000    0.0380    0.0952    0.2209    0.6259    0.0369    0.0172 1103.6718 1022.7904    1.1406
   81.0000    0.0380    0.0952    0.2209    0.6259    0.0369    0.0172 1103.6718 1022.7904    1.1406
   82.0000    0.0380    0.0952    0.2209    0.6259    0.0369    0.0172 1103.6718 1022.7904    1.1406
   83.0000    0.0380    0.0952    0.2209    0.6259    0.0369    0.0172 1103.6719 1022.7903    1.1406
   84.0000    0.0380    0.0952    0.2209    0.6259    0.0369    0.0172 1103.6719 1022.7903    1.1406
   85.0000    0.0380    0.0952    0.2209    0.6259    0.0369    0.0172 1103.6719 1022.7903    1.1406
   86.0000    0.0380    0.0952    0.2209    0.6259    0.0369    0.0172 1103.6720 1022.7903    1.1406
   87.0000    0.0380    0.0952    0.2209    0.6259    0.0369    0.0172 1103.6720 1022.7902    1.1406
   88.0000    0.0380    0.0952    0.2209    0.6259    0.0369    0.0172 1103.6720 1022.7902    1.1406
   89.0000    0.0380    0.0952    0.2209    0.6259    0.0369    0.0172 1103.6721 1022.7902    1.1406
   90.0000    0.0380    0.0952    0.2209    0.6259    0.0369    0.0172 1103.6721 1022.7901    1.1406
   91.0000    0.0380    0.0952    0.2209    0.6259    0.0369    0.0172 1103.6721 1022.7901    1.1406
   92.0000    0.0380    0.0952    0.2209    0.6259    0.0369    0.0172 1103.6722 1022.7901    1.1406
   93.0000    0.0380    0.0952    0.2209    0.6259    0.0369    0.0172 1103.6722 1022.7901    1.1406
   94.0000    0.0380    0.0952    0.2209    0.6259    0.0369    0.0172 1103.6723 1022.7900    1.1406
   95.0000    0.0380    0.0952    0.2209    0.6259    0.0369    0.0172 1103.6723 1022.7900    1.1406
   96.0000    0.0380    0.0952    0.2209    0.6259    0.0369    0.0172 1103.6723 1022.7900    1.1406
   97.0000    0.0380    0.0952    0.2209    0.6259    0.0369    0.0172 1103.6724 1022.7899    1.1406
   98.0000    0.0380    0.0952    0.2209    0.6259    0.0369    0.0172 1103.6724 1022.7899    1.1406
   99.0000    0.0380    0.0952    0.2209    0.6259    0.0369    0.0172 1103.6724 1022.7899    1.1406
  100.0000    0.0380    0.0952    0.2209    0.6259    0.0369    0.0172 1103.6725 1022.7898    1.1406
