         t         y         k       L_H       L_L       c_H       c_L       V_H       V_L      V_HL
    0.0000    0.0497    0.1249    0.2292    0.6389    0.0416    0.0190 1062.7648  982.8193    1.1859
    1.0000    0.0467    0.1249    0.1829    0.6201    0.0414    0.0189 1063.4410  983.4447    1.1859
    2.0000    0.0461    0.1249    0.1827    0.6245    0.0411    0.0188 1064.1291  984.0811    1.1859
    3.0000    0.0453    0.1249    0.1826    0.6285    0.0410    0.0187 1064.8260  984.7255    1.1859
    4.0000    0.0445    0.1249    0.1824    0.6312    0.0408    0.0187 1065.5238  985.3708    1.1859
    5.0000    0.0436    0.1249    0.1823    0.6338    0.0406    0.0186 1066.1993  985.9955    1.1859
    6.0000    0.0432    0.1249    0.1822    0.6354    0.0404    0.0185 1066.9211  986.6630    1.1859
    7.0000    0.0431    0.1248    0.1820    0.6350    0.0403    0.0184 1067.6516  987.3385    1.1859
    8.0000    0.0431    0.1249    0.1819    0.6358    0.0401    0.0183 1068.3902  988.0216    1.1859
    9.0000    0.0431    0.1249    0.1817    0.6357    0.0399    0.0183 1069.1375  988.7127    1.1859
   10.0000    0.0431    0.1249    0.1816    0.6361    0.0398    0.0182 1069.8934  989.4117    1.1859
   11.0000    0.0430    0.1249    0.1814    0.6338    0.0396    0.0181 1070.6584  990.1192    1.1859
   12.0000    0.0430    0.1249    0.1813    0.6352    0.0394    0.0180 1071.4322  990.8347    1.1859
   13.0000    0.0430    0.1249    0.1811    0.6354    0.0392    0.0180 1072.2149  991.5586    1.1859
   14.0000    0.0430    0.1249    0.1809    0.6355    0.0391    0.0179 1073.0068  992.2909    1.1859
   15.0000    0.0429    0.1248    0.1807    0.6358    0.0389    0.0178 1073.8079  993.0317    1.1859
   16.0000    0.0428    0.1246    0.1805    0.6353    0.0387    0.0177 1074.6182  993.7811    1.1859
   17.0000    0.0427    0.1244    0.1802    0.6350    0.0385    0.0176 1075.4380  994.5392    1.1859
   18.0000    0.0426    0.1240    0.1807    0.6318    0.0383    0.0175 1076.2671  995.3060    1.1859
   19.0000    0.0425    0.1234    0.1796    0.6356    0.0382    0.0175 1077.1084  996.0839    1.1859
   20.0000    0.0423    0.1225    0.1792    0.6353    0.0380    0.0174 1077.9561  996.8679    1.1859
   21.0000    0.0420    0.1213    0.1789    0.6368    0.0379    0.0173 1078.8126  997.6600    1.1859
   22.0000    0.0416    0.1196    0.1787    0.6333    0.0377    0.0173 1079.6767  998.4591    1.1859
   23.0000    0.0413    0.1175    0.1783    0.6402    0.0376    0.0172 1080.5438  999.2610    1.1859
   24.0000    0.0407    0.1149    0.1821    0.6343    0.0375    0.0172 1081.3953 1000.0484    1.1859
   25.0000    0.0402    0.1117    0.1874    0.6292    0.0375    0.0171 1082.1837 1000.7775    1.1859
   26.0000    0.0390    0.1078    0.1900    0.6060    0.0374    0.0171 1082.9174 1001.4560    1.1859
   27.0000    0.0377    0.1032    0.1912    0.5879    0.0374    0.0171 1083.5725 1002.0618    1.1859
   28.0000    0.0364    0.0987    0.1931    0.5653    0.0373    0.0171 1084.1090 1002.5580    1.1859
   29.0000    0.0359    0.0952    0.1949    0.5698    0.0373    0.0171 1084.5868 1002.9998    1.1859
   30.0000    0.0353    0.0943    0.1964    0.5501    0.0372    0.0170 1084.9886 1003.3714    1.1859
   31.0000    0.0354    0.0943    0.1959    0.5563    0.0372    0.0170 1085.4446 1003.7931    1.1859
   32.0000    0.0354    0.0943    0.1947    0.5595    0.0371    0.0170 1085.8477 1004.1659    1.1859
   33.0000    0.0355    0.0943    0.1957    0.5665    0.0371    0.0170 1086.2599 1004.5470    1.1859
   34.0000    0.0358    0.0943    0.1987    0.5757    0.0370    0.0169 1086.5636 1004.8279    1.1859
   35.0000    0.0357    0.0943    0.1989    0.5695    0.0369    0.0169 1086.8351 1005.0790    1.1859
   36.0000    0.0361    0.0943    0.2052    0.5809    0.0369    0.0169 1087.0550 1005.2823    1.1859
   37.0000    0.0375    0.0943    0.2183    0.6272    0.0369    0.0169 1087.1576 1005.3772    1.1859
   38.0000    0.0375    0.0943    0.2183    0.6272    0.0369    0.0169 1087.1576 1005.3772    1.1859
   39.0000    0.0375    0.0943    0.2183    0.6272    0.0369    0.0169 1087.1576 1005.3772    1.1859
   40.0000    0.0375    0.0943    0.2183    0.6272    0.0369    0.0169 1087.1576 1005.3772    1.1859
   41.0000    0.0375    0.0943    0.2183    0.6272    0.0369    0.0169 1087.1576 1005.3773    1.1859
   42.0000    0.0375    0.0943    0.2183    0.6272    0.0369    0.0169 1087.1576 1005.3773    1.1859
   43.0000    0.0375    0.0943    0.2183    0.6272    0.0369    0.0169 1087.1576 1005.3773    1.1859
   44.0000    0.0375    0.0943    0.2183    0.6272    0.0369    0.0169 1087.1576 1005.3773    1.1859
   45.0000    0.0375    0.0943    0.2183    0.6272    0.0369    0.0169 1087.1576 1005.3773    1.1859
   46.0000    0.0375    0.0943    0.2183    0.6272    0.0369    0.0169 1087.1576 1005.3773    1.1859
   47.0000    0.0375    0.0943    0.2183    0.6272    0.0369    0.0169 1087.1576 1005.3773    1.1859
   48.0000    0.0375    0.0943    0.2183    0.6272    0.0369    0.0169 1087.1576 1005.3773    1.1859
   49.0000    0.0375    0.0943    0.2183    0.6272    0.0369    0.0169 1087.1576 1005.3773    1.1859
   50.0000    0.0375    0.0943    0.2183    0.6272    0.0369    0.0169 1087.1576 1005.3773    1.1859
   51.0000    0.0375    0.0943    0.2183    0.6272    0.0369    0.0169 1087.1576 1005.3773    1.1859
   52.0000    0.0375    0.0943    0.2183    0.6272    0.0369    0.0169 1087.1576 1005.3773    1.1859
   53.0000    0.0375    0.0943    0.2183    0.6272    0.0369    0.0169 1087.1576 1005.3773    1.1859
   54.0000    0.0375    0.0943    0.2183    0.6272    0.0369    0.0169 1087.1576 1005.3773    1.1859
   55.0000    0.0375    0.0943    0.2183    0.6272    0.0369    0.0169 1087.1576 1005.3773    1.1859
   56.0000    0.0375    0.0943    0.2183    0.6272    0.0369    0.0169 1087.1576 1005.3773    1.1859
   57.0000    0.0375    0.0943    0.2183    0.6272    0.0369    0.0169 1087.1576 1005.3773    1.1859
   58.0000    0.0375    0.0943    0.2183    0.6272    0.0369    0.0169 1087.1576 1005.3773    1.1859
   59.0000    0.0375    0.0943    0.2183    0.6272    0.0369    0.0169 1087.1576 1005.3773    1.1859
   60.0000    0.0375    0.0943    0.2183    0.6272    0.0369    0.0169 1087.1576 1005.3773    1.1859
   61.0000    0.0375    0.0943    0.2183    0.6272    0.0369    0.0169 1087.1576 1005.3773    1.1859
   62.0000    0.0375    0.0943    0.2183    0.6272    0.0369    0.0169 1087.1576 1005.3773    1.1859
   63.0000    0.0375    0.0943    0.2183    0.6272    0.0369    0.0169 1087.1576 1005.3773    1.1859
   64.0000    0.0375    0.0943    0.2183    0.6272    0.0369    0.0169 1087.1576 1005.3773    1.1859
   65.0000    0.0375    0.0943    0.2183    0.6272    0.0369    0.0169 1087.1576 1005.3773    1.1859
   66.0000    0.0375    0.0943    0.2183    0.6272    0.0369    0.0169 1087.1576 1005.3773    1.1859
   67.0000    0.0375    0.0943    0.2183    0.6272    0.0369    0.0169 1087.1576 1005.3773    1.1859
   68.0000    0.0375    0.0943    0.2183    0.6272    0.0369    0.0169 1087.1576 1005.3773    1.1859
   69.0000    0.0375    0.0943    0.2183    0.6272    0.0369    0.0169 1087.1576 1005.3773    1.1859
   70.0000    0.0375    0.0943    0.2183    0.6272    0.0369    0.0169 1087.1576 1005.3773    1.1859
   71.0000    0.0375    0.0943    0.2183    0.6272    0.0369    0.0169 1087.1576 1005.3773    1.1859
   72.0000    0.0375    0.0943    0.2183    0.6272    0.0369    0.0169 1087.1576 1005.3773    1.1859
   73.0000    0.0375    0.0943    0.2183    0.6272    0.0369    0.0169 1087.1576 1005.3773    1.1859
   74.0000    0.0375    0.0943    0.2183    0.6272    0.0369    0.0169 1087.1576 1005.3773    1.1859
   75.0000    0.0375    0.0943    0.2183    0.6272    0.0369    0.0169 1087.1576 1005.3773    1.1859
   76.0000    0.0375    0.0943    0.2183    0.6272    0.0369    0.0169 1087.1576 1005.3773    1.1859
   77.0000    0.0375    0.0943    0.2183    0.6272    0.0369    0.0169 1087.1576 1005.3773    1.1859
   78.0000    0.0375    0.0943    0.2183    0.6272    0.0369    0.0169 1087.1576 1005.3773    1.1859
   79.0000    0.0375    0.0943    0.2183    0.6272    0.0369    0.0169 1087.1576 1005.3773    1.1859
   80.0000    0.0375    0.0943    0.2183    0.6272    0.0369    0.0169 1087.1576 1005.3773    1.1859
   81.0000    0.0375    0.0943    0.2183    0.6272    0.0369    0.0169 1087.1576 1005.3773    1.1859
   82.0000    0.0375    0.0943    0.2183    0.6272    0.0369    0.0169 1087.1576 1005.3773    1.1859
   83.0000    0.0375    0.0943    0.2183    0.6272    0.0369    0.0169 1087.1576 1005.3773    1.1859
   84.0000    0.0375    0.0943    0.2183    0.6272    0.0369    0.0169 1087.1576 1005.3773    1.1859
   85.0000    0.0375    0.0943    0.2183    0.6272    0.0369    0.0169 1087.1576 1005.3773    1.1859
   86.0000    0.0375    0.0943    0.2183    0.6272    0.0369    0.0169 1087.1576 1005.3773    1.1859
   87.0000    0.0375    0.0943    0.2183    0.6272    0.0369    0.0169 1087.1576 1005.3773    1.1859
   88.0000    0.0375    0.0943    0.2183    0.6272    0.0369    0.0169 1087.1576 1005.3773    1.1859
   89.0000    0.0375    0.0943    0.2183    0.6272    0.0369    0.0169 1087.1576 1005.3773    1.1859
   90.0000    0.0375    0.0943    0.2183    0.6272    0.0369    0.0169 1087.1576 1005.3773    1.1859
   91.0000    0.0375    0.0943    0.2183    0.6272    0.0369    0.0169 1087.1576 1005.3773    1.1859
   92.0000    0.0375    0.0943    0.2183    0.6272    0.0369    0.0169 1087.1576 1005.3773    1.1859
   93.0000    0.0375    0.0943    0.2183    0.6272    0.0369    0.0169 1087.1576 1005.3773    1.1859
   94.0000    0.0375    0.0943    0.2183    0.6272    0.0369    0.0169 1087.1576 1005.3773    1.1859
   95.0000    0.0375    0.0943    0.2183    0.6272    0.0369    0.0169 1087.1576 1005.3773    1.1859
   96.0000    0.0375    0.0943    0.2183    0.6272    0.0369    0.0169 1087.1576 1005.3773    1.1859
   97.0000    0.0375    0.0943    0.2183    0.6272    0.0369    0.0169 1087.1576 1005.3773    1.1859
   98.0000    0.0375    0.0943    0.2183    0.6272    0.0369    0.0169 1087.1576 1005.3773    1.1859
   99.0000    0.0375    0.0943    0.2183    0.6272    0.0369    0.0169 1087.1576 1005.3773    1.1859
  100.0000    0.0375    0.0943    0.2183    0.6272    0.0369    0.0169 1087.1576 1005.3773    1.1859
