         t         r       w_H       w_L      w_HL      s_LH      s_LL
    0.0000    0.0523    0.0366    0.0262    1.4012    0.1689    0.3360
    1.0000    0.0486    0.0371    0.0260    1.4270    0.1450    0.3456
    2.0000    0.0492    0.0360    0.0251    1.4355    0.1427    0.3403
    3.0000    0.0496    0.0348    0.0241    1.4438    0.1405    0.3343
    4.0000    0.0499    0.0336    0.0231    1.4527    0.1379    0.3286
    5.0000    0.0500    0.0324    0.0222    1.4616    0.1354    0.3223
    6.0000    0.0499    0.0321    0.0219    1.4652    0.1349    0.3209
    7.0000    0.0499    0.0321    0.0219    1.4673    0.1349    0.3209
    8.0000    0.0499    0.0322    0.0219    1.4693    0.1349    0.3206
    9.0000    0.0498    0.0322    0.0219    1.4714    0.1349    0.3205
   10.0000    0.0497    0.0322    0.0218    1.4734    0.1350    0.3202
   11.0000    0.0497    0.0322    0.0218    1.4755    0.1350    0.3201
   12.0000    0.0496    0.0322    0.0218    1.4777    0.1350    0.3199
   13.0000    0.0496    0.0322    0.0218    1.4799    0.1350    0.3198
   14.0000    0.0495    0.0322    0.0217    1.4823    0.1351    0.3197
   15.0000    0.0495    0.0322    0.0217    1.4848    0.1352    0.3194
   16.0000    0.0495    0.0322    0.0217    1.4879    0.1351    0.3196
   17.0000    0.0495    0.0322    0.0216    1.4911    0.1354    0.3192
   18.0000    0.0496    0.0322    0.0215    1.4954    0.1354    0.3195
   19.0000    0.0497    0.0322    0.0214    1.5004    0.1356    0.3196
   20.0000    0.0499    0.0321    0.0213    1.5065    0.1359    0.3199
   21.0000    0.0503    0.0320    0.0212    1.5137    0.1363    0.3205
   22.0000    0.0507    0.0319    0.0210    1.5211    0.1377    0.3201
   23.0000    0.0517    0.0317    0.0208    1.5292    0.1394    0.3209
   24.0000    0.0527    0.0315    0.0205    1.5356    0.1435    0.3193
   25.0000    0.0535    0.0313    0.0203    1.5401    0.1492    0.3153
   26.0000    0.0546    0.0310    0.0201    1.5460    0.1537    0.3135
   27.0000    0.0558    0.0308    0.0198    1.5533    0.1565    0.3138
   28.0000    0.0573    0.0305    0.0196    1.5578    0.1623    0.3115
   29.0000    0.0569    0.0305    0.0195    1.5642    0.1639    0.3089
   30.0000    0.0571    0.0305    0.0194    1.5715    0.1641    0.3091
   31.0000    0.0567    0.0305    0.0194    1.5751    0.1668    0.3056
   32.0000    0.0565    0.0306    0.0193    1.5805    0.1663    0.3055
   33.0000    0.0565    0.0306    0.0193    1.5849    0.1658    0.3060
   34.0000    0.0568    0.0305    0.0192    1.5843    0.1695    0.3030
   35.0000    0.0573    0.0304    0.0192    1.5868    0.1689    0.3047
   36.0000    0.0605    0.0299    0.0188    1.5883    0.1706    0.3104
   37.0000    0.0615    0.0297    0.0187    1.5879    0.1720    0.3113
   38.0000    0.0615    0.0297    0.0187    1.5879    0.1720    0.3113
   39.0000    0.0615    0.0297    0.0187    1.5880    0.1720    0.3113
   40.0000    0.0615    0.0297    0.0187    1.5880    0.1720    0.3113
   41.0000    0.0615    0.0297    0.0187    1.5880    0.1720    0.3113
   42.0000    0.0615    0.0297    0.0187    1.5880    0.1720    0.3113
   43.0000    0.0615    0.0297    0.0187    1.5880    0.1720    0.3113
   44.0000    0.0615    0.0297    0.0187    1.5881    0.1720    0.3113
   45.0000    0.0615    0.0297    0.0187    1.5881    0.1720    0.3113
   46.0000    0.0615    0.0297    0.0187    1.5881    0.1720    0.3113
   47.0000    0.0615    0.0297    0.0187    1.5881    0.1720    0.3113
   48.0000    0.0615    0.0297    0.0187    1.5881    0.1720    0.3113
   49.0000    0.0615    0.0297    0.0187    1.5881    0.1720    0.3113
   50.0000    0.0615    0.0297    0.0187    1.5881    0.1720    0.3113
   51.0000    0.0615    0.0297    0.0187    1.5881    0.1720    0.3113
   52.0000    0.0615    0.0297    0.0187    1.5881    0.1720    0.3113
   53.0000    0.0615    0.0297    0.0187    1.5881    0.1720    0.3113
   54.0000    0.0615    0.0297    0.0187    1.5881    0.1720    0.3113
   55.0000    0.0615    0.0297    0.0187    1.5881    0.1720    0.3113
   56.0000    0.0615    0.0297    0.0187    1.5881    0.1720    0.3113
   57.0000    0.0615    0.0297    0.0187    1.5881    0.1720    0.3113
   58.0000    0.0615    0.0297    0.0187    1.5881    0.1720    0.3113
   59.0000    0.0615    0.0297    0.0187    1.5881    0.1720    0.3113
   60.0000    0.0615    0.0297    0.0187    1.5881    0.1720    0.3113
   61.0000    0.0615    0.0297    0.0187    1.5881    0.1720    0.3113
   62.0000    0.0615    0.0297    0.0187    1.5881    0.1720    0.3113
   63.0000    0.0615    0.0297    0.0187    1.5881    0.1720    0.3113
   64.0000    0.0615    0.0297    0.0187    1.5881    0.1720    0.3113
   65.0000    0.0615    0.0297    0.0187    1.5881    0.1720    0.3113
   66.0000    0.0615    0.0297    0.0187    1.5881    0.1720    0.3113
   67.0000    0.0615    0.0297    0.0187    1.5881    0.1720    0.3113
   68.0000    0.0615    0.0297    0.0187    1.5881    0.1720    0.3113
   69.0000    0.0615    0.0297    0.0187    1.5881    0.1720    0.3113
   70.0000    0.0615    0.0297    0.0187    1.5881    0.1720    0.3113
   71.0000    0.0615    0.0297    0.0187    1.5881    0.1720    0.3113
   72.0000    0.0615    0.0297    0.0187    1.5881    0.1720    0.3113
   73.0000    0.0615    0.0297    0.0187    1.5881    0.1720    0.3113
   74.0000    0.0615    0.0297    0.0187    1.5881    0.1720    0.3113
   75.0000    0.0615    0.0297    0.0187    1.5881    0.1720    0.3113
   76.0000    0.0615    0.0297    0.0187    1.5881    0.1720    0.3113
   77.0000    0.0615    0.0297    0.0187    1.5881    0.1720    0.3113
   78.0000    0.0615    0.0297    0.0187    1.5881    0.1720    0.3113
   79.0000    0.0615    0.0297    0.0187    1.5881    0.1720    0.3113
   80.0000    0.0615    0.0297    0.0187    1.5881    0.1720    0.3113
   81.0000    0.0615    0.0297    0.0187    1.5881    0.1720    0.3113
   82.0000    0.0615    0.0297    0.0187    1.5881    0.1720    0.3113
   83.0000    0.0615    0.0297    0.0187    1.5881    0.1720    0.3113
   84.0000    0.0615    0.0297    0.0187    1.5881    0.1720    0.3113
   85.0000    0.0615    0.0297    0.0187    1.5881    0.1720    0.3113
   86.0000    0.0615    0.0297    0.0187    1.5881    0.1720    0.3113
   87.0000    0.0615    0.0297    0.0187    1.5881    0.1720    0.3113
   88.0000    0.0615    0.0297    0.0187    1.5881    0.1720    0.3113
   89.0000    0.0615    0.0297    0.0187    1.5881    0.1720    0.3113
   90.0000    0.0615    0.0297    0.0187    1.5881    0.1720    0.3113
   91.0000    0.0615    0.0297    0.0187    1.5881    0.1720    0.3113
   92.0000    0.0615    0.0297    0.0187    1.5881    0.1720    0.3113
   93.0000    0.0615    0.0297    0.0187    1.5881    0.1720    0.3113
   94.0000    0.0615    0.0297    0.0187    1.5881    0.1720    0.3113
   95.0000    0.0615    0.0297    0.0187    1.5881    0.1720    0.3113
   96.0000    0.0615    0.0297    0.0187    1.5881    0.1720    0.3113
   97.0000    0.0615    0.0297    0.0187    1.5881    0.1720    0.3113
   98.0000    0.0615    0.0297    0.0187    1.5881    0.1720    0.3113
   99.0000    0.0615    0.0297    0.0187    1.5881    0.1720    0.3113
  100.0000    0.0615    0.0297    0.0187    1.5881    0.1720    0.3113
