         t         g       g_N       g_I      g_hH      g_hL
    0.0000    4.4648    4.2036    4.2036    0.2612    0.2612
    1.0000    4.4648    4.2036    5.2117    0.2612    0.2689
    2.0000    4.4663    4.2036    5.2117    0.2627    0.2702
    3.0000    4.4685    4.2036    5.2117    0.2649    0.2705
    4.0000    4.4648    4.2036    5.2059    0.2612    0.2678
    5.0000    4.4648    4.2036    5.2081    0.2612    0.2673
    6.0000    4.4648    4.2036    5.2102    0.2612    0.2666
    7.0000    4.4648    4.2036    5.2068    0.2612    0.2688
    8.0000    4.4648    4.2036    5.2071    0.2613    0.2673
    9.0000    4.4648    4.2036    5.2106    0.2612    0.2682
   10.0000    4.4648    4.2036    5.2105    0.2612    0.2684
   11.0000    4.4648    4.2036    5.2104    0.2612    0.2674
   12.0000    4.4648    4.2036    5.2091    0.2612    0.2683
   13.0000    4.4648    4.2036    5.2100    0.2612    0.2681
   14.0000    4.4648    4.2036    5.2106    0.2612    0.2692
   15.0000    4.4648    4.2036    5.2101    0.2612    0.2677
   16.0000    4.4648    4.2036    5.2091    0.2612    0.2671
   17.0000    4.4648    4.2036    5.2050    0.2612    0.2675
   18.0000    4.4648    4.2036    5.2042    0.2612    0.2677
   19.0000    4.4648    4.2036    5.2076    0.2612    0.2677
   20.0000    4.4648    4.2036    5.2085    0.2612    0.2684
   21.0000    4.4648    4.2036    5.2114    0.2612    0.2675
   22.0000    4.4648    4.2036    5.2091    0.2612    0.2675
   23.0000    4.4648    4.2036    5.2109    0.2612    0.2692
   24.0000    4.4648    4.2036    5.2110    0.2612    0.2686
   25.0000    4.4648    4.2036    5.2114    0.2612    0.2663
   26.0000    4.4648    4.2036    5.2113    0.2612    0.2691
   27.0000    4.4648    4.2036    5.2095    0.2612    0.2677
   28.0000    4.4648    4.2036    5.2097    0.2612    0.2687
   29.0000    4.4648    4.2036    5.2094    0.2612    0.2686
   30.0000    4.4648    4.2036    5.2100    0.2612    0.2685
   31.0000    4.4648    4.2036    5.2099    0.2612    0.2675
   32.0000    4.4648    4.2036    5.2106    0.2612    0.2676
   33.0000    4.4648    4.2036    5.2105    0.2612    0.2679
   34.0000    4.4648    4.2036    5.2066    0.2613    0.2681
   35.0000    4.4649    4.2036    5.2114    0.2613    0.2686
   36.0000    4.4652    4.2038    5.2110    0.2614    0.2679
   37.0000    4.4660    4.2044    5.2114    0.2617    0.2679
   38.0000    4.4684    4.2059    5.2118    0.2625    0.2677
   39.0000    4.4755    4.2103    5.2120    0.2651    0.2680
   40.0000    4.4968    4.2243    5.2120    0.2725    0.2675
   41.0000    4.5344    4.2602    5.2119    0.2742    0.2679
   42.0000    4.5754    4.3013    5.2119    0.2741    0.2680
   43.0000    4.6280    4.3546    5.2115    0.2734    0.2668
   44.0000    4.6801    4.4059    5.2106    0.2742    0.2681
   45.0000    4.7430    4.4688    5.2120    0.2743    0.2671
   46.0000    4.8060    4.5318    5.2119    0.2742    0.2680
   47.0000    4.8715    4.5973    5.2116    0.2742    0.2676
   48.0000    4.9411    4.6669    5.2109    0.2742    0.2675
   49.0000    5.0108    4.7365    5.2118    0.2742    0.2681
   50.0000    5.0768    4.8026    5.2118    0.2742    0.2678
   51.0000    5.1413    4.8671    5.2116    0.2742    0.2670
   52.0000    5.1972    4.9230    5.2114    0.2742    0.2676
   53.0000    5.2542    4.9800    5.2117    0.2742    0.2668
   54.0000    5.2946    5.0204    5.2112    0.2742    0.2686
   55.0000    5.3394    5.0654    5.2113    0.2740    0.2685
   56.0000    5.3774    5.1033    5.2107    0.2741    0.2673
   57.0000    5.4058    5.1320    5.2094    0.2738    0.2684
   58.0000    5.4339    5.1598    5.2083    0.2741    0.2677
   59.0000    5.4528    5.1788    5.2060    0.2740    0.2675
   60.0000    5.4729    5.1990    5.2004    0.2739    0.2666
   61.0000    5.4796    5.2057    5.1833    0.2739    0.2675
   62.0000    5.4842    5.2100    5.1321    0.2742    0.2677
   63.0000    5.4864    5.2122    4.9862    0.2743    0.2669
   64.0000    5.4864    5.2122    4.9493    0.2743    0.2673
   65.0000    5.4864    5.2122    4.8190    0.2743    0.2675
   66.0000    5.4864    5.2122    4.7514    0.2743    0.2674
   67.0000    5.4864    5.2122    4.6833    0.2743    0.2669
   68.0000    5.4864    5.2122    4.6590    0.2743    0.2678
   69.0000    5.4864    5.2122    4.6396    0.2743    0.2681
   70.0000    5.4864    5.2122    4.6472    0.2743    0.2677
   71.0000    5.4864    5.2122    4.6881    0.2743    0.2682
   72.0000    5.4864    5.2122    4.6775    0.2743    0.2686
   73.0000    5.4864    5.2122    4.6221    0.2743    0.2681
   74.0000    5.4864    5.2122    4.5907    0.2743    0.2672
   75.0000    5.4864    5.2122    4.6078    0.2743    0.2668
   76.0000    5.4864    5.2122    4.6184    0.2743    0.2683
   77.0000    5.4864    5.2122    4.6221    0.2743    0.2667
   78.0000    5.4864    5.2122    4.6545    0.2743    0.2688
   79.0000    5.4864    5.2122    4.5769    0.2743    0.2666
   80.0000    5.4864    5.2122    4.5949    0.2743    0.2668
   81.0000    5.4864    5.2122    4.6058    0.2743    0.2667
   82.0000    5.4864    5.2122    4.5992    0.2743    0.2670
   83.0000    5.4864    5.2122    4.5821    0.2743    0.2680
   84.0000    5.4864    5.2122    4.5656    0.2743    0.2670
   85.0000    5.4864    5.2122    4.6063    0.2743    0.2673
   86.0000    5.4864    5.2122    4.6273    0.2743    0.2678
   87.0000    5.4864    5.2122    4.6227    0.2743    0.2682
   88.0000    5.4864    5.2122    4.6453    0.2743    0.2678
   89.0000    5.4864    5.2122    4.6358    0.2743    0.2682
   90.0000    5.4864    5.2122    4.6135    0.2743    0.2677
   91.0000    5.4864    5.2122    4.5947    0.2743    0.2673
   92.0000    5.4864    5.2122    4.6067    0.2743    0.2670
   93.0000    5.4864    5.2122    4.6645    0.2743    0.2683
   94.0000    5.4864    5.2122    4.6012    0.2743    0.2674
   95.0000    5.4864    5.2122    4.6323    0.2743    0.2684
   96.0000    5.4864    5.2122    4.6179    0.2743    0.2680
   97.0000    5.4864    5.2122    4.5915    0.2743    0.2670
   98.0000    5.4864    5.2122    4.6304    0.2743    0.2678
   99.0000    5.4864    5.2122    4.8287    0.2743    0.2677
  100.0000    5.4864    5.2122    5.2122    0.2743    0.2743
