         t         y         k       L_H       L_L       c_H       c_L       V_H       V_L      V_HL
    0.0000    0.0497    0.1249    0.2292    0.6389    0.0411    0.0188 1043.1198  964.6521    1.1859
    1.0000    0.0493    0.1249    0.2292    0.6322    0.0410    0.0188 1043.8176  965.2974    1.1859
    2.0000    0.0490    0.1249    0.2288    0.6309    0.0410    0.0188 1044.5208  965.9477    1.1859
    3.0000    0.0487    0.1249    0.2278    0.6307    0.0410    0.0188 1045.2278  966.6016    1.1859
    4.0000    0.0466    0.1249    0.2226    0.6332    0.0409    0.0187 1045.9381  967.2584    1.1859
    5.0000    0.0464    0.1249    0.2226    0.6335    0.0408    0.0186 1046.6602  967.9262    1.1859
    6.0000    0.0462    0.1249    0.2226    0.6342    0.0406    0.0186 1047.3904  968.6014    1.1859
    7.0000    0.0459    0.1249    0.2226    0.6322    0.0405    0.0185 1048.1284  969.2840    1.1859
    8.0000    0.0457    0.1249    0.2226    0.6336    0.0404    0.0185 1048.8744  969.9738    1.1859
    9.0000    0.0454    0.1249    0.2226    0.6327    0.0403    0.0184 1049.6282  970.6710    1.1859
   10.0000    0.0452    0.1249    0.2226    0.6326    0.0401    0.0184 1050.3900  971.3754    1.1859
   11.0000    0.0450    0.1249    0.2226    0.6335    0.0400    0.0183 1051.1597  972.0872    1.1859
   12.0000    0.0447    0.1249    0.2226    0.6327    0.0399    0.0183 1051.9373  972.8063    1.1859
   13.0000    0.0445    0.1249    0.2226    0.6329    0.0398    0.0182 1052.7228  973.5327    1.1859
   14.0000    0.0442    0.1249    0.2226    0.6319    0.0397    0.0182 1053.5163  974.2665    1.1859
   15.0000    0.0440    0.1249    0.2226    0.6332    0.0396    0.0181 1054.3178  975.0077    1.1859
   16.0000    0.0437    0.1249    0.2226    0.6338    0.0395    0.0181 1055.1273  975.7564    1.1859
   17.0000    0.0435    0.1249    0.2226    0.6334    0.0394    0.0180 1055.9449  976.5125    1.1859
   18.0000    0.0432    0.1249    0.2226    0.6332    0.0393    0.0180 1056.7707  977.2762    1.1859
   19.0000    0.0431    0.1249    0.2226    0.6332    0.0392    0.0179 1057.6048  978.0475    1.1859
   20.0000    0.0431    0.1249    0.2226    0.6326    0.0391    0.0179 1058.4472  978.8265    1.1859
   21.0000    0.0431    0.1249    0.2226    0.6333    0.0390    0.0178 1059.2980  979.6133    1.1859
   22.0000    0.0431    0.1249    0.2226    0.6334    0.0389    0.0178 1060.1573  980.4080    1.1859
   23.0000    0.0431    0.1249    0.2226    0.6319    0.0387    0.0177 1061.0250  981.2104    1.1859
   24.0000    0.0431    0.1249    0.2226    0.6324    0.0386    0.0177 1061.9014  982.0209    1.1859
   25.0000    0.0432    0.1249    0.2226    0.6344    0.0385    0.0176 1062.7865  982.8394    1.1859
   26.0000    0.0431    0.1249    0.2226    0.6320    0.0384    0.0176 1063.6802  983.6659    1.1859
   27.0000    0.0431    0.1249    0.2226    0.6332    0.0383    0.0175 1064.5828  984.5006    1.1859
   28.0000    0.0431    0.1249    0.2226    0.6323    0.0382    0.0175 1065.4942  985.3434    1.1859
   29.0000    0.0431    0.1249    0.2226    0.6324    0.0381    0.0174 1066.4145  986.1946    1.1859
   30.0000    0.0431    0.1249    0.2226    0.6325    0.0380    0.0174 1067.3439  987.0540    1.1859
   31.0000    0.0431    0.1248    0.2226    0.6334    0.0379    0.0173 1068.2823  987.9218    1.1859
   32.0000    0.0431    0.1248    0.2226    0.6333    0.0378    0.0173 1069.2298  988.7980    1.1859
   33.0000    0.0431    0.1246    0.2226    0.6330    0.0377    0.0173 1070.1864  989.6826    1.1859
   34.0000    0.0431    0.1245    0.2226    0.6329    0.0376    0.0172 1071.1522  990.5758    1.1859
   35.0000    0.0430    0.1243    0.2226    0.6324    0.0375    0.0172 1072.1271  991.4774    1.1859
   36.0000    0.0430    0.1240    0.2225    0.6331    0.0374    0.0171 1073.1113  992.3875    1.1859
   37.0000    0.0429    0.1235    0.2224    0.6331    0.0374    0.0171 1074.1043  993.3059    1.1859
   38.0000    0.0428    0.1230    0.2222    0.6333    0.0373    0.0171 1075.1057  994.2319    1.1859
   39.0000    0.0426    0.1223    0.2213    0.6330    0.0372    0.0170 1076.1136  995.1640    1.1859
   40.0000    0.0424    0.1215    0.2189    0.6334    0.0371    0.0170 1077.1229  996.0974    1.1859
   41.0000    0.0422    0.1205    0.2183    0.6330    0.0371    0.0170 1078.1184  997.0179    1.1859
   42.0000    0.0420    0.1194    0.2184    0.6330    0.0370    0.0169 1079.0820  997.9091    1.1859
   43.0000    0.0418    0.1181    0.2186    0.6341    0.0370    0.0169 1080.0099  998.7672    1.1859
   44.0000    0.0416    0.1166    0.2183    0.6329    0.0369    0.0169 1080.8891  999.5802    1.1859
   45.0000    0.0413    0.1150    0.2183    0.6338    0.0369    0.0169 1081.7195 1000.3482    1.1859
   46.0000    0.0410    0.1133    0.2183    0.6330    0.0368    0.0168 1082.4890 1001.0598    1.1859
   47.0000    0.0407    0.1115    0.2183    0.6333    0.0368    0.0168 1083.1970 1001.7145    1.1859
   48.0000    0.0404    0.1097    0.2183    0.6334    0.0367    0.0168 1083.8400 1002.3092    1.1859
   49.0000    0.0401    0.1079    0.2183    0.6328    0.0367    0.0168 1084.4129 1002.8390    1.1859
   50.0000    0.0398    0.1062    0.2183    0.6331    0.0367    0.0168 1084.9151 1003.3035    1.1859
   51.0000    0.0395    0.1045    0.2183    0.6339    0.0366    0.0168 1085.3499 1003.7055    1.1859
   52.0000    0.0392    0.1030    0.2183    0.6334    0.0366    0.0167 1085.7183 1004.0462    1.1859
   53.0000    0.0390    0.1016    0.2183    0.6341    0.0366    0.0167 1086.0290 1004.3335    1.1859
   54.0000    0.0387    0.1003    0.2183    0.6324    0.0366    0.0167 1086.2803 1004.5660    1.1859
   55.0000    0.0385    0.0992    0.2184    0.6325    0.0366    0.0167 1086.4899 1004.7598    1.1859
   56.0000    0.0383    0.0982    0.2183    0.6335    0.0365    0.0167 1086.6524 1004.9101    1.1859
   57.0000    0.0382    0.0974    0.2184    0.6326    0.0365    0.0167 1086.7749 1005.0233    1.1859
   58.0000    0.0381    0.0967    0.2184    0.6332    0.0365    0.0167 1086.8676 1005.1090    1.1859
   59.0000    0.0380    0.0962    0.2184    0.6334    0.0365    0.0167 1086.9305 1005.1672    1.1859
   60.0000    0.0379    0.0957    0.2184    0.6342    0.0365    0.0167 1086.9733 1005.2068    1.1859
   61.0000    0.0378    0.0954    0.2184    0.6334    0.0365    0.0167 1086.9946 1005.2265    1.1859
   62.0000    0.0378    0.0951    0.2183    0.6333    0.0365    0.0167 1087.0088 1005.2396    1.1859
   63.0000    0.0377    0.0949    0.2183    0.6339    0.0365    0.0167 1087.0181 1005.2482    1.1859
   64.0000    0.0377    0.0947    0.2183    0.6336    0.0365    0.0167 1087.0250 1005.2546    1.1859
   65.0000    0.0377    0.0946    0.2183    0.6334    0.0365    0.0167 1087.0318 1005.2609    1.1859
   66.0000    0.0377    0.0945    0.2183    0.6335    0.0365    0.0167 1087.0386 1005.2672    1.1859
   67.0000    0.0377    0.0945    0.2183    0.6339    0.0366    0.0167 1087.0453 1005.2733    1.1859
   68.0000    0.0376    0.0944    0.2183    0.6331    0.0366    0.0167 1087.0518 1005.2793    1.1859
   69.0000    0.0376    0.0944    0.2183    0.6329    0.0366    0.0167 1087.0581 1005.2852    1.1859
   70.0000    0.0376    0.0944    0.2183    0.6332    0.0366    0.0167 1087.0643 1005.2909    1.1859
   71.0000    0.0376    0.0944    0.2183    0.6328    0.0366    0.0167 1087.0703 1005.2965    1.1859
   72.0000    0.0376    0.0944    0.2183    0.6324    0.0366    0.0167 1087.0762 1005.3019    1.1859
   73.0000    0.0376    0.0944    0.2183    0.6329    0.0366    0.0167 1087.0819 1005.3072    1.1859
   74.0000    0.0376    0.0943    0.2183    0.6336    0.0366    0.0168 1087.0875 1005.3124    1.1859
   75.0000    0.0377    0.0943    0.2183    0.6340    0.0366    0.0168 1087.0928 1005.3173    1.1859
   76.0000    0.0376    0.0943    0.2183    0.6327    0.0366    0.0168 1087.0979 1005.3220    1.1859
   77.0000    0.0377    0.0943    0.2183    0.6341    0.0367    0.0168 1087.1029 1005.3266    1.1859
   78.0000    0.0376    0.0943    0.2183    0.6323    0.0367    0.0168 1087.1076 1005.3310    1.1859
   79.0000    0.0377    0.0943    0.2183    0.6342    0.0367    0.0168 1087.1121 1005.3352    1.1859
   80.0000    0.0377    0.0943    0.2183    0.6341    0.0367    0.0168 1087.1165 1005.3392    1.1859
   81.0000    0.0377    0.0943    0.2183    0.6342    0.0367    0.0168 1087.1205 1005.3430    1.1859
   82.0000    0.0376    0.0943    0.2183    0.6338    0.0367    0.0168 1087.1244 1005.3465    1.1859
   83.0000    0.0376    0.0943    0.2183    0.6329    0.0367    0.0168 1087.1280 1005.3499    1.1859
   84.0000    0.0376    0.0943    0.2183    0.6338    0.0367    0.0168 1087.1315 1005.3531    1.1859
   85.0000    0.0376    0.0943    0.2183    0.6336    0.0368    0.0168 1087.1347 1005.3560    1.1859
   86.0000    0.0376    0.0943    0.2183    0.6331    0.0368    0.0168 1087.1377 1005.3588    1.1859
   87.0000    0.0376    0.0943    0.2183    0.6328    0.0368    0.0168 1087.1405 1005.3614    1.1859
   88.0000    0.0376    0.0943    0.2183    0.6331    0.0368    0.0168 1087.1431 1005.3638    1.1859
   89.0000    0.0376    0.0943    0.2183    0.6328    0.0368    0.0168 1087.1455 1005.3660    1.1859
   90.0000    0.0376    0.0943    0.2183    0.6332    0.0368    0.0168 1087.1477 1005.3680    1.1859
   91.0000    0.0376    0.0943    0.2183    0.6335    0.0368    0.0168 1087.1497 1005.3699    1.1859
   92.0000    0.0376    0.0943    0.2183    0.6339    0.0368    0.0169 1087.1514 1005.3715    1.1859
   93.0000    0.0376    0.0943    0.2183    0.6326    0.0369    0.0169 1087.1529 1005.3729    1.1859
   94.0000    0.0376    0.0943    0.2183    0.6334    0.0369    0.0169 1087.1543 1005.3742    1.1859
   95.0000    0.0376    0.0943    0.2183    0.6326    0.0369    0.0169 1087.1554 1005.3752    1.1859
   96.0000    0.0376    0.0943    0.2183    0.6329    0.0369    0.0169 1087.1563 1005.3760    1.1859
   97.0000    0.0376    0.0943    0.2183    0.6338    0.0369    0.0169 1087.1570 1005.3766    1.1859
   98.0000    0.0376    0.0943    0.2183    0.6332    0.0369    0.0169 1087.1574 1005.3771    1.1859
   99.0000    0.0376    0.0943    0.2183    0.6332    0.0369    0.0169 1087.1576 1005.3773    1.1859
  100.0000    0.0375    0.0943    0.2183    0.6272    0.0369    0.0169 1087.1576 1005.3773    1.1859
