         t         y         k       L_H       L_L       c_H       c_L       V_H       V_L      V_HL
    0.0000    0.0497    0.1249    0.2292    0.6389    0.0383    0.0183 1101.9916 1023.6707    1.0902
    1.0000    0.0494    0.1249    0.2292    0.6389    0.0383    0.0183 1103.1894 1024.7833    1.0902
    2.0000    0.0491    0.1249    0.2292    0.6389    0.0383    0.0183 1104.3696 1025.8797    1.0902
    3.0000    0.0488    0.1249    0.2292    0.6389    0.0383    0.0183 1105.5342 1026.9615    1.0902
    4.0000    0.0486    0.1249    0.2292    0.6389    0.0383    0.0183 1106.6852 1028.0307    1.0902
    5.0000    0.0483    0.1249    0.2292    0.6389    0.0383    0.0183 1107.8246 1029.0891    1.0902
    6.0000    0.0480    0.1249    0.2292    0.6389    0.0383    0.0183 1108.9544 1030.1386    1.0902
    7.0000    0.0477    0.1249    0.2292    0.6389    0.0383    0.0183 1110.0726 1031.1773    1.0902
    8.0000    0.0474    0.1249    0.2292    0.6389    0.0383    0.0183 1111.1809 1032.2068    1.0902
    9.0000    0.0471    0.1249    0.2292    0.6389    0.0383    0.0183 1112.2811 1033.2289    1.0902
   10.0000    0.0467    0.1249    0.2292    0.6389    0.0383    0.0183 1113.3752 1034.2453    1.0902
   11.0000    0.0464    0.1249    0.2292    0.6389    0.0383    0.0183 1114.4649 1035.2575    1.0902
   12.0000    0.0461    0.1249    0.2292    0.6389    0.0383    0.0183 1115.5512 1036.2666    1.0902
   13.0000    0.0458    0.1249    0.2292    0.6389    0.0382    0.0183 1116.6309 1037.2696    1.0902
   14.0000    0.0455    0.1249    0.2292    0.6389    0.0382    0.0183 1117.7108 1038.2727    1.0902
   15.0000    0.0452    0.1249    0.2292    0.6389    0.0382    0.0183 1118.7925 1039.2775    1.0902
   16.0000    0.0449    0.1249    0.2292    0.6389    0.0381    0.0182 1119.8775 1040.2854    1.0902
   17.0000    0.0445    0.1249    0.2292    0.6389    0.0381    0.0182 1120.9666 1041.2971    1.0902
   18.0000    0.0442    0.1248    0.2292    0.6389    0.0380    0.0182 1122.0616 1042.3142    1.0902
   19.0000    0.0439    0.1248    0.2292    0.6389    0.0380    0.0182 1123.1630 1043.3374    1.0902
   20.0000    0.0438    0.1246    0.2292    0.6389    0.0379    0.0181 1124.2706 1044.3663    1.0902
   21.0000    0.0438    0.1244    0.2292    0.6389    0.0379    0.0181 1125.3744 1045.3916    1.0902
   22.0000    0.0437    0.1241    0.2292    0.6389    0.0378    0.0181 1126.4698 1046.4092    1.0902
   23.0000    0.0437    0.1237    0.2292    0.6389    0.0378    0.0181 1127.5515 1047.4140    1.0902
   24.0000    0.0436    0.1230    0.2292    0.6389    0.0377    0.0180 1128.6130 1048.4000    1.0902
   25.0000    0.0434    0.1222    0.2292    0.6389    0.0376    0.0180 1129.6511 1049.3643    1.0902
   26.0000    0.0432    0.1212    0.2292    0.6389    0.0376    0.0180 1130.6572 1050.2990    1.0902
   27.0000    0.0430    0.1199    0.2292    0.6389    0.0375    0.0180 1131.6217 1051.1950    1.0902
   28.0000    0.0427    0.1184    0.2292    0.6389    0.0375    0.0179 1132.5346 1052.0430    1.0902
   29.0000    0.0424    0.1167    0.2292    0.6389    0.0374    0.0179 1133.3870 1052.8348    1.0902
   30.0000    0.0421    0.1149    0.2292    0.6389    0.0374    0.0179 1134.1705 1053.5625    1.0902
   31.0000    0.0418    0.1129    0.2292    0.6389    0.0374    0.0179 1134.8783 1054.2200    1.0902
   32.0000    0.0414    0.1109    0.2292    0.6389    0.0373    0.0179 1135.5060 1054.8031    1.0902
   33.0000    0.0411    0.1089    0.2292    0.6389    0.0373    0.0178 1136.0519 1055.3102    1.0902
   34.0000    0.0407    0.1070    0.2292    0.6389    0.0373    0.0178 1136.5169 1055.7422    1.0902
   35.0000    0.0404    0.1053    0.2292    0.6389    0.0372    0.0178 1136.9049 1056.1027    1.0902
   36.0000    0.0401    0.1037    0.2292    0.6389    0.0372    0.0178 1137.2224 1056.3975    1.0902
   37.0000    0.0399    0.1023    0.2292    0.6389    0.0372    0.0178 1137.4761 1056.6332    1.0902
   38.0000    0.0397    0.1011    0.2292    0.6389    0.0372    0.0178 1137.6740 1056.8170    1.0902
   39.0000    0.0395    0.1001    0.2292    0.6389    0.0372    0.0178 1137.8248 1056.9571    1.0902
   40.0000    0.0393    0.0993    0.2292    0.6389    0.0372    0.0178 1137.9371 1057.0615    1.0902
   41.0000    0.0392    0.0987    0.2292    0.6389    0.0372    0.0178 1138.0189 1057.1374    1.0902
   42.0000    0.0391    0.0982    0.2292    0.6389    0.0372    0.0178 1138.0771 1057.1915    1.0902
   43.0000    0.0391    0.0979    0.2292    0.6389    0.0372    0.0178 1138.1176 1057.2291    1.0902
   44.0000    0.0390    0.0976    0.2292    0.6389    0.0372    0.0178 1138.1452 1057.2548    1.0902
   45.0000    0.0390    0.0974    0.2292    0.6389    0.0372    0.0178 1138.1636 1057.2718    1.0902
   46.0000    0.0390    0.0973    0.2292    0.6389    0.0372    0.0178 1138.1756 1057.2830    1.0902
   47.0000    0.0389    0.0972    0.2292    0.6389    0.0372    0.0178 1138.1832 1057.2901    1.0902
   48.0000    0.0389    0.0972    0.2292    0.6389    0.0372    0.0178 1138.1880 1057.2945    1.0902
   49.0000    0.0389    0.0971    0.2292    0.6389    0.0372    0.0178 1138.1909 1057.2972    1.0902
   50.0000    0.0389    0.0971    0.2292    0.6389    0.0372    0.0178 1138.1926 1057.2988    1.0902
   51.0000    0.0389    0.0971    0.2292    0.6389    0.0372    0.0178 1138.1936 1057.2998    1.0902
   52.0000    0.0389    0.0971    0.2292    0.6389    0.0372    0.0178 1138.1942 1057.3003    1.0902
   53.0000    0.0389    0.0971    0.2292    0.6389    0.0372    0.0178 1138.1945 1057.3006    1.0902
   54.0000    0.0389    0.0971    0.2292    0.6389    0.0372    0.0178 1138.1947 1057.3008    1.0902
   55.0000    0.0389    0.0971    0.2292    0.6389    0.0372    0.0178 1138.1948 1057.3009    1.0902
   56.0000    0.0389    0.0971    0.2292    0.6389    0.0372    0.0178 1138.1949 1057.3009    1.0902
   57.0000    0.0389    0.0971    0.2292    0.6389    0.0372    0.0178 1138.1949 1057.3010    1.0902
   58.0000    0.0389    0.0971    0.2292    0.6389    0.0372    0.0178 1138.1949 1057.3010    1.0902
   59.0000    0.0389    0.0971    0.2292    0.6389    0.0372    0.0178 1138.1949 1057.3010    1.0902
   60.0000    0.0389    0.0971    0.2292    0.6389    0.0372    0.0178 1138.1949 1057.3010    1.0902
   61.0000    0.0389    0.0971    0.2292    0.6389    0.0372    0.0178 1138.1949 1057.3010    1.0902
   62.0000    0.0389    0.0971    0.2292    0.6389    0.0372    0.0178 1138.1949 1057.3010    1.0902
   63.0000    0.0389    0.0971    0.2292    0.6389    0.0372    0.0178 1138.1949 1057.3010    1.0902
   64.0000    0.0389    0.0971    0.2292    0.6389    0.0372    0.0178 1138.1949 1057.3010    1.0902
   65.0000    0.0389    0.0971    0.2292    0.6389    0.0372    0.0178 1138.1949 1057.3010    1.0902
   66.0000    0.0389    0.0971    0.2292    0.6389    0.0372    0.0178 1138.1949 1057.3010    1.0902
   67.0000    0.0389    0.0971    0.2292    0.6389    0.0372    0.0178 1138.1949 1057.3010    1.0902
   68.0000    0.0389    0.0971    0.2292    0.6389    0.0372    0.0178 1138.1949 1057.3010    1.0902
   69.0000    0.0389    0.0971    0.2292    0.6389    0.0372    0.0178 1138.1949 1057.3010    1.0902
   70.0000    0.0389    0.0971    0.2292    0.6389    0.0372    0.0178 1138.1949 1057.3010    1.0902
   71.0000    0.0389    0.0971    0.2292    0.6389    0.0372    0.0178 1138.1949 1057.3010    1.0902
   72.0000    0.0389    0.0971    0.2292    0.6389    0.0372    0.0178 1138.1949 1057.3010    1.0902
   73.0000    0.0389    0.0971    0.2292    0.6389    0.0372    0.0178 1138.1949 1057.3010    1.0902
   74.0000    0.0389    0.0971    0.2292    0.6389    0.0372    0.0178 1138.1949 1057.3010    1.0902
   75.0000    0.0389    0.0971    0.2292    0.6389    0.0372    0.0178 1138.1949 1057.3010    1.0902
   76.0000    0.0389    0.0971    0.2292    0.6389    0.0372    0.0178 1138.1949 1057.3010    1.0902
   77.0000    0.0389    0.0971    0.2292    0.6389    0.0372    0.0178 1138.1949 1057.3010    1.0902
   78.0000    0.0389    0.0971    0.2292    0.6389    0.0372    0.0178 1138.1949 1057.3010    1.0902
   79.0000    0.0389    0.0971    0.2292    0.6389    0.0372    0.0178 1138.1949 1057.3010    1.0902
   80.0000    0.0389    0.0971    0.2292    0.6389    0.0372    0.0178 1138.1949 1057.3010    1.0902
   81.0000    0.0389    0.0971    0.2292    0.6389    0.0372    0.0178 1138.1949 1057.3010    1.0902
   82.0000    0.0389    0.0971    0.2292    0.6389    0.0372    0.0178 1138.1949 1057.3010    1.0902
   83.0000    0.0389    0.0971    0.2292    0.6389    0.0372    0.0178 1138.1949 1057.3010    1.0902
   84.0000    0.0389    0.0971    0.2292    0.6389    0.0372    0.0178 1138.1949 1057.3010    1.0902
   85.0000    0.0389    0.0971    0.2292    0.6389    0.0372    0.0178 1138.1949 1057.3010    1.0902
   86.0000    0.0389    0.0971    0.2292    0.6389    0.0372    0.0178 1138.1949 1057.3010    1.0902
   87.0000    0.0389    0.0971    0.2292    0.6389    0.0372    0.0178 1138.1949 1057.3010    1.0902
   88.0000    0.0389    0.0971    0.2292    0.6389    0.0372    0.0178 1138.1949 1057.3010    1.0902
   89.0000    0.0389    0.0971    0.2292    0.6389    0.0372    0.0178 1138.1949 1057.3010    1.0902
   90.0000    0.0389    0.0971    0.2292    0.6389    0.0372    0.0178 1138.1949 1057.3010    1.0902
   91.0000    0.0389    0.0971    0.2292    0.6389    0.0372    0.0178 1138.1949 1057.3010    1.0902
   92.0000    0.0389    0.0971    0.2292    0.6389    0.0372    0.0178 1138.1949 1057.3010    1.0902
   93.0000    0.0389    0.0971    0.2292    0.6389    0.0372    0.0178 1138.1949 1057.3010    1.0902
   94.0000    0.0389    0.0971    0.2292    0.6389    0.0372    0.0178 1138.1949 1057.3010    1.0902
   95.0000    0.0389    0.0971    0.2292    0.6389    0.0372    0.0178 1138.1949 1057.3010    1.0902
   96.0000    0.0389    0.0971    0.2292    0.6389    0.0372    0.0178 1138.1949 1057.3010    1.0902
   97.0000    0.0389    0.0971    0.2292    0.6389    0.0372    0.0178 1138.1949 1057.3010    1.0902
   98.0000    0.0389    0.0971    0.2292    0.6389    0.0372    0.0178 1138.1949 1057.3010    1.0902
   99.0000    0.0389    0.0971    0.2292    0.6389    0.0372    0.0178 1138.1949 1057.3010    1.0902
  100.0000    0.0389    0.0971    0.2292    0.6389    0.0372    0.0178 1138.1949 1057.3010    1.0902
