         t         g       g_N       g_I      g_hH      g_hL
    0.0000    4.4648    4.2036    4.2036    0.2612    0.2612
    1.0000    4.6146    4.2037    5.1625    0.4109    0.2701
    2.0000    4.6149    4.2036    5.2103    0.4114    0.2694
    3.0000    4.6147    4.2036    5.2002    0.4112    0.2688
    4.0000    4.6149    4.2036    5.2065    0.4113    0.2679
    5.0000    4.6149    4.2036    5.2064    0.4113    0.2672
    6.0000    4.6148    4.2036    5.2086    0.4112    0.2656
    7.0000    4.6149    4.2036    5.2098    0.4113    0.2652
    8.0000    4.6149    4.2036    5.2086    0.4113    0.2643
    9.0000    4.6149    4.2036    5.2074    0.4113    0.2639
   10.0000    4.6136    4.2036    5.2098    0.4101    0.2621
   11.0000    4.6149    4.2036    5.2096    0.4113    0.2630
   12.0000    4.6149    4.2036    5.2057    0.4113    0.2607
   13.0000    4.6149    4.2036    5.2060    0.4113    0.2594
   14.0000    4.6148    4.2036    5.2097    0.4112    0.2592
   15.0000    4.6149    4.2036    5.2094    0.4113    0.2586
   16.0000    4.6146    4.2036    5.2101    0.4111    0.2581
   17.0000    4.6133    4.2036    5.2009    0.4097    0.2521
   18.0000    4.6113    4.2036    5.2097    0.4077    0.2536
   19.0000    4.6093    4.2037    5.2086    0.4056    0.2505
   20.0000    4.6084    4.2043    5.2080    0.4041    0.2504
   21.0000    4.6008    4.2046    5.2075    0.3962    0.2363
   22.0000    4.5776    4.2096    5.2047    0.3680    0.2007
   23.0000    4.6066    4.2517    5.2108    0.3549    0.1931
   24.0000    4.6037    4.2478    5.2115    0.3559    0.2147
   25.0000    4.6512    4.3179    5.2112    0.3333    0.1984
   26.0000    4.6881    4.3675    5.2116    0.3207    0.1986
   27.0000    4.7292    4.4135    5.2117    0.3157    0.2047
   28.0000    4.7666    4.4605    5.2110    0.3061    0.2015
   29.0000    4.8257    4.5315    5.2110    0.2942    0.1977
   30.0000    4.8501    4.5705    5.2106    0.2796    0.1934
   31.0000    4.9273    4.6609    5.2113    0.2664    0.1898
   32.0000    5.0010    4.7487    5.2109    0.2523    0.1774
   33.0000    5.0713    4.8221    5.2114    0.2493    0.1855
   34.0000    5.1173    4.8742    5.2101    0.2431    0.1806
   35.0000    5.1756    4.9310    5.2101    0.2446    0.1859
   36.0000    5.2558    5.0093    5.2079    0.2465    0.1955
   37.0000    5.3170    5.0578    5.1971    0.2592    0.2091
   38.0000    5.3029    5.0357    5.1639    0.2672    0.2178
   39.0000    5.3048    5.0440    5.0970    0.2608    0.2101
   40.0000    5.3212    5.0529    5.0555    0.2683    0.2215
   41.0000    5.3560    5.1087    5.0223    0.2472    0.1993
   42.0000    5.4416    5.2012    4.7917    0.2403    0.1988
   43.0000    5.4328    5.1798    4.7674    0.2530    0.2100
   44.0000    5.4655    5.2122    4.5848    0.2534    0.1973
   45.0000    5.4581    5.2122    4.8943    0.2460    0.1887
   46.0000    5.4674    5.2122    5.0829    0.2553    0.1940
   47.0000    5.4604    5.2122    5.2122    0.2483    0.1862
   48.0000    5.4681    5.2122    5.2122    0.2560    0.1939
   49.0000    5.4766    5.2122    5.2122    0.2644    0.2079
   50.0000    5.4634    5.2122    5.2122    0.2513    0.1908
   51.0000    5.4549    5.2122    5.2122    0.2428    0.1824
   52.0000    5.4471    5.2122    5.2122    0.2349    0.1841
   53.0000    5.4538    5.2122    5.2122    0.2416    0.1855
   54.0000    5.4508    5.2122    5.2122    0.2386    0.1831
   55.0000    5.4475    5.2122    5.2122    0.2353    0.1905
   56.0000    5.4499    5.2122    5.2122    0.2377    0.1809
   57.0000    5.4443    5.2122    5.2122    0.2322    0.1816
   58.0000    5.4387    5.2122    5.2122    0.2265    0.1800
   59.0000    5.4303    5.2122    5.2122    0.2182    0.1812
   60.0000    5.4299    5.2122    5.2122    0.2178    0.1806
   61.0000    5.4347    5.2122    5.2122    0.2226    0.1797
   62.0000    5.4419    5.2122    5.2122    0.2297    0.1840
   63.0000    5.4342    5.2122    5.2122    0.2220    0.1821
   64.0000    5.4266    5.2122    5.2122    0.2144    0.1751
   65.0000    5.4368    5.2122    5.2122    0.2246    0.1854
   66.0000    5.4435    5.2122    5.2122    0.2313    0.1797
   67.0000    5.4396    5.2122    5.2122    0.2274    0.1873
   68.0000    5.4328    5.2122    5.2122    0.2206    0.1754
   69.0000    5.4298    5.2122    5.2122    0.2177    0.1945
   70.0000    5.4241    5.2122    5.2122    0.2120    0.1791
   71.0000    5.4149    5.2122    5.2122    0.2027    0.1755
   72.0000    5.4086    5.2122    5.2122    0.1965    0.1709
   73.0000    5.4080    5.2122    5.2122    0.1958    0.1750
   74.0000    5.4162    5.2122    5.2122    0.2040    0.1791
   75.0000    5.4078    5.2122    5.2122    0.1957    0.1663
   76.0000    5.4023    5.2122    5.2122    0.1902    0.1789
   77.0000    5.3965    5.2122    5.2122    0.1844    0.1617
   78.0000    5.4069    5.2122    5.2122    0.1948    0.1686
   79.0000    5.4035    5.2122    5.2122    0.1913    0.1761
   80.0000    5.4121    5.2122    5.2122    0.1999    0.1786
   81.0000    5.4006    5.2122    5.2122    0.1885    0.1728
   82.0000    5.3949    5.2122    5.2122    0.1827    0.1658
   83.0000    5.4037    5.2122    5.2122    0.1915    0.1708
   84.0000    5.3964    5.2122    5.2122    0.1843    0.1557
   85.0000    5.3864    5.2122    5.2122    0.1742    0.1564
   86.0000    5.3785    5.2122    5.2122    0.1664    0.1590
   87.0000    5.3775    5.2122    5.2122    0.1653    0.1741
   88.0000    5.3761    5.2122    5.2122    0.1639    0.1626
   89.0000    5.3800    5.2122    5.2122    0.1679    0.1758
   90.0000    5.3706    5.2122    5.2122    0.1585    0.1680
   91.0000    5.4264    5.2122    5.2000    0.2142    0.2137
   92.0000    5.4229    5.2121    5.0037    0.2108    0.2175
   93.0000    5.4042    5.2022    4.7765    0.2021    0.2007
   94.0000    5.3874    5.1982    4.8262    0.1893    0.1847
   95.0000    5.3464    5.1438    4.6414    0.2025    0.2060
   96.0000    5.3502    5.0816    4.2476    0.2686    0.2579
   97.0000    5.2786    5.0034    4.2043    0.2752    0.2509
   98.0000    5.2505    4.9754    4.2042    0.2751    0.2430
   99.0000    5.3232    5.0377    4.3267    0.2855    0.2563
  100.0000    5.4864    5.2122    5.2122    0.2743    0.2743
