         t         y         k       L_H       L_L       c_H       c_L       V_H       V_L      V_HL
    0.0000    0.0497    0.1249    0.2292    0.6389    0.0371    0.0178 1121.8542 1042.1217    1.0902
    1.0000    0.0494    0.1249    0.2292    0.6389    0.0371    0.0178 1123.2261 1043.3960    1.0902
    2.0000    0.0491    0.1249    0.2292    0.6389    0.0371    0.0178 1124.5811 1044.6547    1.0902
    3.0000    0.0488    0.1249    0.2292    0.6389    0.0371    0.0178 1125.9207 1045.8991    1.0902
    4.0000    0.0485    0.1249    0.2292    0.6389    0.0371    0.0178 1127.2453 1047.1296    1.0902
    5.0000    0.0482    0.1247    0.2292    0.6389    0.0371    0.0178 1128.5530 1048.3443    1.0902
    6.0000    0.0478    0.1244    0.2292    0.6389    0.0371    0.0178 1129.8380 1049.5380    1.0902
    7.0000    0.0474    0.1238    0.2292    0.6389    0.0371    0.0178 1131.0854 1050.6967    1.0902
    8.0000    0.0469    0.1227    0.2292    0.6389    0.0371    0.0178 1132.2784 1051.8050    1.0902
    9.0000    0.0463    0.1210    0.2292    0.6389    0.0371    0.0178 1133.3958 1052.8429    1.0902
   10.0000    0.0456    0.1188    0.2292    0.6389    0.0371    0.0178 1134.4130 1053.7878    1.0902
   11.0000    0.0448    0.1161    0.2292    0.6389    0.0371    0.0178 1135.3072 1054.6184    1.0902
   12.0000    0.0440    0.1130    0.2292    0.6389    0.0371    0.0178 1136.0651 1055.3226    1.0902
   13.0000    0.0432    0.1099    0.2292    0.6389    0.0371    0.0178 1136.6804 1055.8941    1.0902
   14.0000    0.0423    0.1069    0.2292    0.6389    0.0371    0.0178 1137.1572 1056.3370    1.0902
   15.0000    0.0416    0.1043    0.2292    0.6389    0.0371    0.0178 1137.5098 1056.6646    1.0902
   16.0000    0.0408    0.1021    0.2292    0.6389    0.0371    0.0178 1137.7594 1056.8964    1.0902
   17.0000    0.0402    0.1004    0.2292    0.6389    0.0371    0.0178 1137.9286 1057.0536    1.0902
   18.0000    0.0398    0.0992    0.2292    0.6389    0.0372    0.0178 1138.0374 1057.1546    1.0902
   19.0000    0.0394    0.0984    0.2292    0.6389    0.0372    0.0178 1138.1049 1057.2174    1.0902
   20.0000    0.0392    0.0978    0.2292    0.6389    0.0372    0.0178 1138.1453 1057.2549    1.0902
   21.0000    0.0391    0.0975    0.2292    0.6389    0.0372    0.0178 1138.1685 1057.2764    1.0902
   22.0000    0.0390    0.0973    0.2292    0.6389    0.0372    0.0178 1138.1813 1057.2883    1.0902
   23.0000    0.0390    0.0972    0.2292    0.6389    0.0372    0.0178 1138.1882 1057.2947    1.0902
   24.0000    0.0389    0.0971    0.2292    0.6389    0.0372    0.0178 1138.1917 1057.2979    1.0902
   25.0000    0.0389    0.0971    0.2292    0.6389    0.0372    0.0178 1138.1934 1057.2996    1.0902
   26.0000    0.0389    0.0971    0.2292    0.6389    0.0372    0.0178 1138.1942 1057.3003    1.0902
   27.0000    0.0389    0.0971    0.2292    0.6389    0.0372    0.0178 1138.1946 1057.3007    1.0902
   28.0000    0.0389    0.0971    0.2292    0.6389    0.0372    0.0178 1138.1948 1057.3009    1.0902
   29.0000    0.0389    0.0971    0.2292    0.6389    0.0372    0.0178 1138.1949 1057.3009    1.0902
   30.0000    0.0389    0.0971    0.2292    0.6389    0.0372    0.0178 1138.1949 1057.3010    1.0902
   31.0000    0.0389    0.0971    0.2292    0.6389    0.0372    0.0178 1138.1949 1057.3010    1.0902
   32.0000    0.0389    0.0971    0.2292    0.6389    0.0372    0.0178 1138.1949 1057.3010    1.0902
   33.0000    0.0389    0.0971    0.2292    0.6389    0.0372    0.0178 1138.1949 1057.3010    1.0902
   34.0000    0.0389    0.0971    0.2292    0.6389    0.0372    0.0178 1138.1949 1057.3010    1.0902
   35.0000    0.0389    0.0971    0.2292    0.6389    0.0372    0.0178 1138.1949 1057.3010    1.0902
   36.0000    0.0389    0.0971    0.2292    0.6389    0.0372    0.0178 1138.1949 1057.3010    1.0902
   37.0000    0.0389    0.0971    0.2292    0.6389    0.0372    0.0178 1138.1949 1057.3010    1.0902
   38.0000    0.0389    0.0971    0.2292    0.6389    0.0372    0.0178 1138.1949 1057.3010    1.0902
   39.0000    0.0389    0.0971    0.2292    0.6389    0.0372    0.0178 1138.1949 1057.3010    1.0902
   40.0000    0.0389    0.0971    0.2292    0.6389    0.0372    0.0178 1138.1949 1057.3010    1.0902
   41.0000    0.0389    0.0971    0.2292    0.6389    0.0372    0.0178 1138.1949 1057.3010    1.0902
   42.0000    0.0389    0.0971    0.2292    0.6389    0.0372    0.0178 1138.1949 1057.3010    1.0902
   43.0000    0.0389    0.0971    0.2292    0.6389    0.0372    0.0178 1138.1949 1057.3010    1.0902
   44.0000    0.0389    0.0971    0.2292    0.6389    0.0372    0.0178 1138.1949 1057.3010    1.0902
   45.0000    0.0389    0.0971    0.2292    0.6389    0.0372    0.0178 1138.1949 1057.3010    1.0902
   46.0000    0.0389    0.0971    0.2292    0.6389    0.0372    0.0178 1138.1949 1057.3010    1.0902
   47.0000    0.0389    0.0971    0.2292    0.6389    0.0372    0.0178 1138.1949 1057.3010    1.0902
   48.0000    0.0389    0.0971    0.2292    0.6389    0.0372    0.0178 1138.1949 1057.3010    1.0902
   49.0000    0.0389    0.0971    0.2292    0.6389    0.0372    0.0178 1138.1949 1057.3010    1.0902
   50.0000    0.0389    0.0971    0.2292    0.6389    0.0372    0.0178 1138.1949 1057.3010    1.0902
   51.0000    0.0389    0.0971    0.2292    0.6389    0.0372    0.0178 1138.1949 1057.3010    1.0902
   52.0000    0.0389    0.0971    0.2292    0.6389    0.0372    0.0178 1138.1949 1057.3010    1.0902
   53.0000    0.0389    0.0971    0.2292    0.6389    0.0372    0.0178 1138.1949 1057.3010    1.0902
   54.0000    0.0389    0.0971    0.2292    0.6389    0.0372    0.0178 1138.1949 1057.3010    1.0902
   55.0000    0.0389    0.0971    0.2292    0.6389    0.0372    0.0178 1138.1949 1057.3010    1.0902
   56.0000    0.0389    0.0971    0.2292    0.6389    0.0372    0.0178 1138.1949 1057.3010    1.0902
   57.0000    0.0389    0.0971    0.2292    0.6389    0.0372    0.0178 1138.1949 1057.3010    1.0902
   58.0000    0.0389    0.0971    0.2292    0.6389    0.0372    0.0178 1138.1949 1057.3010    1.0902
   59.0000    0.0389    0.0971    0.2292    0.6389    0.0372    0.0178 1138.1949 1057.3010    1.0902
   60.0000    0.0389    0.0971    0.2292    0.6389    0.0372    0.0178 1138.1949 1057.3010    1.0902
   61.0000    0.0389    0.0971    0.2292    0.6389    0.0372    0.0178 1138.1949 1057.3010    1.0902
   62.0000    0.0389    0.0971    0.2292    0.6389    0.0372    0.0178 1138.1949 1057.3010    1.0902
   63.0000    0.0389    0.0971    0.2292    0.6389    0.0372    0.0178 1138.1949 1057.3010    1.0902
   64.0000    0.0389    0.0971    0.2292    0.6389    0.0372    0.0178 1138.1949 1057.3010    1.0902
   65.0000    0.0389    0.0971    0.2292    0.6389    0.0372    0.0178 1138.1949 1057.3010    1.0902
   66.0000    0.0389    0.0971    0.2292    0.6389    0.0372    0.0178 1138.1949 1057.3010    1.0902
   67.0000    0.0389    0.0971    0.2292    0.6389    0.0372    0.0178 1138.1949 1057.3010    1.0902
   68.0000    0.0389    0.0971    0.2292    0.6389    0.0372    0.0178 1138.1949 1057.3010    1.0902
   69.0000    0.0389    0.0971    0.2292    0.6389    0.0372    0.0178 1138.1949 1057.3010    1.0902
   70.0000    0.0389    0.0971    0.2292    0.6389    0.0372    0.0178 1138.1949 1057.3010    1.0902
   71.0000    0.0389    0.0971    0.2292    0.6389    0.0372    0.0178 1138.1949 1057.3010    1.0902
   72.0000    0.0389    0.0971    0.2292    0.6389    0.0372    0.0178 1138.1949 1057.3010    1.0902
   73.0000    0.0389    0.0971    0.2292    0.6389    0.0372    0.0178 1138.1949 1057.3010    1.0902
   74.0000    0.0389    0.0971    0.2292    0.6389    0.0372    0.0178 1138.1949 1057.3010    1.0902
   75.0000    0.0389    0.0971    0.2292    0.6389    0.0372    0.0178 1138.1949 1057.3010    1.0902
   76.0000    0.0389    0.0971    0.2292    0.6389    0.0372    0.0178 1138.1949 1057.3010    1.0902
   77.0000    0.0389    0.0971    0.2292    0.6389    0.0372    0.0178 1138.1949 1057.3010    1.0902
   78.0000    0.0389    0.0971    0.2292    0.6389    0.0372    0.0178 1138.1949 1057.3010    1.0902
   79.0000    0.0389    0.0971    0.2292    0.6389    0.0372    0.0178 1138.1949 1057.3010    1.0902
   80.0000    0.0389    0.0971    0.2292    0.6389    0.0372    0.0178 1138.1949 1057.3010    1.0902
   81.0000    0.0389    0.0971    0.2292    0.6389    0.0372    0.0178 1138.1949 1057.3010    1.0902
   82.0000    0.0389    0.0971    0.2292    0.6389    0.0372    0.0178 1138.1949 1057.3010    1.0902
   83.0000    0.0389    0.0971    0.2292    0.6389    0.0372    0.0178 1138.1949 1057.3010    1.0902
   84.0000    0.0389    0.0971    0.2292    0.6389    0.0372    0.0178 1138.1949 1057.3010    1.0902
   85.0000    0.0389    0.0971    0.2292    0.6389    0.0372    0.0178 1138.1949 1057.3010    1.0902
   86.0000    0.0389    0.0971    0.2292    0.6389    0.0372    0.0178 1138.1949 1057.3010    1.0902
   87.0000    0.0389    0.0971    0.2292    0.6389    0.0372    0.0178 1138.1949 1057.3010    1.0902
   88.0000    0.0389    0.0971    0.2292    0.6389    0.0372    0.0178 1138.1949 1057.3010    1.0902
   89.0000    0.0389    0.0971    0.2292    0.6389    0.0372    0.0178 1138.1949 1057.3010    1.0902
   90.0000    0.0389    0.0971    0.2292    0.6389    0.0372    0.0178 1138.1949 1057.3010    1.0902
   91.0000    0.0389    0.0971    0.2292    0.6389    0.0372    0.0178 1138.1949 1057.3010    1.0902
   92.0000    0.0389    0.0971    0.2292    0.6389    0.0372    0.0178 1138.1949 1057.3010    1.0902
   93.0000    0.0389    0.0971    0.2292    0.6389    0.0372    0.0178 1138.1949 1057.3010    1.0902
   94.0000    0.0389    0.0971    0.2292    0.6389    0.0372    0.0178 1138.1949 1057.3010    1.0902
   95.0000    0.0389    0.0971    0.2292    0.6389    0.0372    0.0178 1138.1949 1057.3010    1.0902
   96.0000    0.0389    0.0971    0.2292    0.6389    0.0372    0.0178 1138.1949 1057.3010    1.0902
   97.0000    0.0389    0.0971    0.2292    0.6389    0.0372    0.0178 1138.1949 1057.3010    1.0902
   98.0000    0.0389    0.0971    0.2292    0.6389    0.0372    0.0178 1138.1949 1057.3010    1.0902
   99.0000    0.0389    0.0971    0.2292    0.6389    0.0372    0.0178 1138.1949 1057.3010    1.0902
  100.0000    0.0389    0.0971    0.2292    0.6389    0.0372    0.0178 1138.1949 1057.3010    1.0902
