         t         g       g_N       g_I      g_hH      g_hL
    0.0000    2.9795    2.7411    2.7411    0.2384    0.2384
    1.0000    2.9400    2.6383    4.5239    0.3017    0.2492
    2.0000    3.0103    2.7085    4.5234    0.3018    0.2496
    3.0000    3.0761    2.7744    4.5140    0.3017    0.2498
    4.0000    3.1379    2.8362    4.4033    0.3017    0.2497
    5.0000    3.1924    2.8907    4.2170    0.3017    0.2497
    6.0000    3.2374    2.9357    4.0585    0.3017    0.2494
    7.0000    3.2740    2.9723    3.9335    0.3017    0.2488
    8.0000    3.3052    3.0034    3.8364    0.3017    0.2487
    9.0000    3.3313    3.0296    3.7801    0.3017    0.2488
   10.0000    3.3559    3.0542    3.7383    0.3016    0.2486
   11.0000    3.3777    3.0760    3.7115    0.3017    0.2488
   12.0000    3.3978    3.0960    3.6921    0.3017    0.2484
   13.0000    3.4153    3.1136    3.6740    0.3017    0.2489
   14.0000    3.4341    3.1324    3.6648    0.3017    0.2483
   15.0000    3.4495    3.1478    3.6568    0.3017    0.2480
   16.0000    3.4647    3.1630    3.6415    0.3017    0.2484
   17.0000    3.4781    3.1764    3.6343    0.3017    0.2482
   18.0000    3.4917    3.1900    3.6258    0.3017    0.2483
   19.0000    3.5038    3.2021    3.6202    0.3017    0.2483
   20.0000    3.5171    3.2154    3.6488    0.3017    0.2482
   21.0000    3.5295    3.2279    3.6400    0.3016    0.2481
   22.0000    3.5406    3.2390    3.6353    0.3016    0.2479
   23.0000    3.5506    3.2489    3.6329    0.3017    0.2485
   24.0000    3.5622    3.2605    3.6270    0.3017    0.2476
   25.0000    3.5715    3.2698    3.6249    0.3017    0.2477
   26.0000    3.5808    3.2791    3.6230    0.3016    0.2478
   27.0000    3.5894    3.2878    3.6194    0.3016    0.2479
   28.0000    3.5964    3.2947    3.6190    0.3017    0.2483
   29.0000    3.6054    3.3038    3.6253    0.3016    0.2479
   30.0000    3.6130    3.3113    3.6183    0.3017    0.2480
   31.0000    3.6209    3.3192    3.6179    0.3017    0.2477
   32.0000    3.6277    3.3261    3.6142    0.3016    0.2475
   33.0000    3.6335    3.3318    3.6135    0.3017    0.2480
   34.0000    3.6402    3.3385    3.6173    0.3017    0.2478
   35.0000    3.6458    3.3441    3.6113    0.3017    0.2475
   36.0000    3.6523    3.3506    3.6141    0.3017    0.2480
   37.0000    3.6578    3.3560    3.6142    0.3017    0.2478
   38.0000    3.6638    3.3622    3.6121    0.3017    0.2478
   39.0000    3.6674    3.3657    3.6107    0.3017    0.2480
   40.0000    3.6730    3.3712    3.6108    0.3017    0.2479
   41.0000    3.6783    3.3767    3.6116    0.3017    0.2476
   42.0000    3.6835    3.3820    3.6071    0.3016    0.2473
   43.0000    3.6882    3.3865    3.6104    0.3017    0.2471
   44.0000    3.6925    3.3908    3.6120    0.3017    0.2472
   45.0000    3.6959    3.3942    3.6075    0.3017    0.2476
   46.0000    3.7008    3.3993    3.6136    0.3015    0.2473
   47.0000    3.7028    3.4012    3.6058    0.3017    0.2481
   48.0000    3.7081    3.4064    3.6111    0.3017    0.2475
   49.0000    3.7117    3.4100    3.6086    0.3017    0.2473
   50.0000    3.7154    3.4138    3.6106    0.3016    0.2472
   51.0000    3.7189    3.4172    3.6207    0.3017    0.2474
   52.0000    3.7212    3.4195    3.6183    0.3017    0.2480
   53.0000    3.7257    3.4241    3.6183    0.3017    0.2473
   54.0000    3.7288    3.4271    3.6183    0.3017    0.2475
   55.0000    3.7318    3.4300    3.6186    0.3017    0.2474
   56.0000    3.7343    3.4327    3.6171    0.3017    0.2474
   57.0000    3.7385    3.4368    3.6179    0.3017    0.2473
   58.0000    3.7407    3.4390    3.6173    0.3017    0.2475
   59.0000    3.7431    3.4414    3.6192    0.3017    0.2476
   60.0000    3.7446    3.4430    3.6155    0.3016    0.2479
   61.0000    3.7489    3.4472    3.6188    0.3017    0.2471
   62.0000    3.7505    3.4488    3.6174    0.3016    0.2473
   63.0000    3.7508    3.4491    3.6170    0.3016    0.2476
   64.0000    3.7492    3.4475    3.6306    0.3017    0.2478
   65.0000    3.7483    3.4466    3.6372    0.3017    0.2478
   66.0000    3.7480    3.4465    3.6483    0.3015    0.2476
   67.0000    3.7467    3.4451    3.6534    0.3016    0.2477
   68.0000    3.7459    3.4442    3.6590    0.3017    0.2477
   69.0000    3.7438    3.4421    3.6602    0.3017    0.2479
   70.0000    3.7423    3.4406    3.6628    0.3017    0.2479
   71.0000    3.7414    3.4396    3.6608    0.3017    0.2481
   72.0000    3.7398    3.4381    3.6645    0.3017    0.2479
   73.0000    3.7394    3.4377    3.6706    0.3017    0.2478
   74.0000    3.7370    3.4353    3.6626    0.3017    0.2479
   75.0000    3.7368    3.4350    3.6646    0.3017    0.2479
   76.0000    3.7352    3.4335    3.6634    0.3017    0.2478
   77.0000    3.7335    3.4318    3.6604    0.3017    0.2478
   78.0000    3.7333    3.4316    3.6604    0.3017    0.2476
   79.0000    3.7319    3.4302    3.6572    0.3017    0.2479
   80.0000    3.7310    3.4293    3.6569    0.3017    0.2480
   81.0000    3.7309    3.4293    3.6566    0.3017    0.2475
   82.0000    3.7307    3.4290    3.6600    0.3017    0.2477
   83.0000    3.7306    3.4289    3.6581    0.3017    0.2476
   84.0000    3.7305    3.4288    3.6563    0.3017    0.2478
   85.0000    3.7321    3.4304    3.6529    0.3017    0.2477
   86.0000    3.7333    3.4317    3.6529    0.3016    0.2474
   87.0000    3.7330    3.4313    3.6506    0.3017    0.2481
   88.0000    3.7358    3.4340    3.6498    0.3017    0.2479
   89.0000    3.7390    3.4373    3.6541    0.3017    0.2480
   90.0000    3.7438    3.4421    3.6473    0.3017    0.2473
   91.0000    3.7480    3.4463    3.6451    0.3017    0.2472
   92.0000    3.7543    3.4527    3.6497    0.3016    0.2475
   93.0000    3.7606    3.4589    3.6485    0.3017    0.2478
   94.0000    3.7710    3.4693    3.6510    0.3017    0.2474
   95.0000    3.7832    3.4815    3.6581    0.3017    0.2475
   96.0000    3.8003    3.4986    3.6632    0.3017    0.2468
   97.0000    3.8213    3.5197    3.6787    0.3016    0.2471
   98.0000    3.8467    3.5451    3.6889    0.3017    0.2464
   99.0000    3.8833    3.5819    3.7254    0.3014    0.2450
  100.0000    4.0247    3.7733    3.7733    0.2515    0.2515
