         t         y         k       L_H       L_L       c_H       c_L       V_H       V_L      V_HL
    0.0000    0.0618    0.1605    0.2423    0.6438    0.0500    0.0221  942.3509  868.4823    1.2621
    1.0000    0.0615    0.1605    0.2423    0.6438    0.0500    0.0221  943.5421  869.5802    1.2621
    2.0000    0.0611    0.1605    0.2423    0.6438    0.0501    0.0221  944.6572  870.6078    1.2621
    3.0000    0.0608    0.1605    0.2423    0.6438    0.0502    0.0222  945.7012  871.5700    1.2621
    4.0000    0.0605    0.1605    0.2423    0.6438    0.0502    0.0222  946.6792  872.4713    1.2621
    5.0000    0.0602    0.1605    0.2423    0.6438    0.0503    0.0222  947.5956  873.3159    1.2621
    6.0000    0.0599    0.1605    0.2423    0.6438    0.0503    0.0223  948.4547  874.1077    1.2621
    7.0000    0.0595    0.1605    0.2423    0.6438    0.0504    0.0223  949.2605  874.8502    1.2621
    8.0000    0.0592    0.1605    0.2423    0.6438    0.0505    0.0223  950.0166  875.5471    1.2621
    9.0000    0.0589    0.1605    0.2423    0.6438    0.0505    0.0223  950.7265  876.2014    1.2621
   10.0000    0.0587    0.1605    0.2423    0.6438    0.0506    0.0224  951.3923  876.8149    1.2621
   11.0000    0.0585    0.1605    0.2423    0.6438    0.0506    0.0224  952.0285  877.4013    1.2621
   12.0000    0.0583    0.1605    0.2423    0.6438    0.0507    0.0224  952.6412  877.9659    1.2621
   13.0000    0.0582    0.1605    0.2423    0.6438    0.0507    0.0224  953.2397  878.5176    1.2621
   14.0000    0.0581    0.1605    0.2423    0.6438    0.0507    0.0224  953.8242  879.0563    1.2621
   15.0000    0.0579    0.1605    0.2423    0.6438    0.0508    0.0224  954.3936  879.5810    1.2621
   16.0000    0.0578    0.1605    0.2423    0.6438    0.0508    0.0225  954.9467  880.0907    1.2621
   17.0000    0.0576    0.1605    0.2423    0.6438    0.0508    0.0225  955.4820  880.5841    1.2621
   18.0000    0.0574    0.1605    0.2423    0.6438    0.0509    0.0225  955.9990  881.0606    1.2621
   19.0000    0.0573    0.1605    0.2423    0.6438    0.0509    0.0225  956.5007  881.5229    1.2621
   20.0000    0.0572    0.1605    0.2423    0.6438    0.0509    0.0225  956.9914  881.9751    1.2621
   21.0000    0.0571    0.1605    0.2423    0.6438    0.0509    0.0225  957.4745  882.4204    1.2621
   22.0000    0.0568    0.1605    0.2423    0.6438    0.0510    0.0225  957.9471  882.8559    1.2621
   23.0000    0.0567    0.1605    0.2423    0.6438    0.0510    0.0225  958.3989  883.2724    1.2621
   24.0000    0.0566    0.1605    0.2423    0.6438    0.0510    0.0225  958.8408  883.6796    1.2621
   25.0000    0.0564    0.1605    0.2423    0.6438    0.0510    0.0225  959.2719  884.0769    1.2621
   26.0000    0.0563    0.1604    0.2423    0.6438    0.0510    0.0225  959.6943  884.4662    1.2621
   27.0000    0.0562    0.1604    0.2423    0.6438    0.0510    0.0225  960.1106  884.8499    1.2621
   28.0000    0.0561    0.1604    0.2423    0.6438    0.0510    0.0226  960.5220  885.2290    1.2621
   29.0000    0.0559    0.1604    0.2423    0.6438    0.0510    0.0226  960.9242  885.5997    1.2621
   30.0000    0.0558    0.1604    0.2423    0.6438    0.0510    0.0226  961.3138  885.9587    1.2621
   31.0000    0.0557    0.1604    0.2423    0.6438    0.0510    0.0226  961.6970  886.3119    1.2621
   32.0000    0.0556    0.1603    0.2423    0.6438    0.0510    0.0226  962.0724  886.6579    1.2621
   33.0000    0.0555    0.1603    0.2423    0.6438    0.0510    0.0226  962.4415  886.9981    1.2621
   34.0000    0.0554    0.1602    0.2423    0.6438    0.0510    0.0226  962.8054  887.3335    1.2621
   35.0000    0.0553    0.1601    0.2423    0.6438    0.0510    0.0225  963.1629  887.6629    1.2621
   36.0000    0.0551    0.1599    0.2423    0.6438    0.0510    0.0225  963.5095  887.9823    1.2621
   37.0000    0.0550    0.1597    0.2423    0.6438    0.0510    0.0225  963.8436  888.2903    1.2621
   38.0000    0.0548    0.1594    0.2423    0.6438    0.0510    0.0225  964.1687  888.5899    1.2621
   39.0000    0.0547    0.1591    0.2423    0.6438    0.0510    0.0225  964.4815  888.8781    1.2621
   40.0000    0.0545    0.1587    0.2423    0.6438    0.0510    0.0225  964.7822  889.1552    1.2621
   41.0000    0.0542    0.1582    0.2423    0.6438    0.0509    0.0225  965.0659  889.4167    1.2621
   42.0000    0.0540    0.1576    0.2423    0.6438    0.0509    0.0225  965.3308  889.6609    1.2621
   43.0000    0.0539    0.1570    0.2423    0.6438    0.0509    0.0225  965.5775  889.8882    1.2621
   44.0000    0.0537    0.1563    0.2423    0.6438    0.0509    0.0225  965.8074  890.1001    1.2621
   45.0000    0.0536    0.1556    0.2423    0.6438    0.0509    0.0225  966.0182  890.2944    1.2621
   46.0000    0.0535    0.1548    0.2423    0.6438    0.0509    0.0225  966.2100  890.4711    1.2621
   47.0000    0.0533    0.1541    0.2423    0.6438    0.0509    0.0225  966.3826  890.6302    1.2621
   48.0000    0.0532    0.1533    0.2423    0.6438    0.0508    0.0225  966.5359  890.7715    1.2621
   49.0000    0.0531    0.1525    0.2423    0.6438    0.0508    0.0225  966.6712  890.8962    1.2621
   50.0000    0.0530    0.1518    0.2423    0.6438    0.0508    0.0225  966.7883  891.0041    1.2621
   51.0000    0.0528    0.1511    0.2423    0.6438    0.0508    0.0225  966.8885  891.0965    1.2621
   52.0000    0.0527    0.1504    0.2423    0.6438    0.0508    0.0225  966.9734  891.1747    1.2621
   53.0000    0.0526    0.1498    0.2423    0.6438    0.0508    0.0225  967.0440  891.2398    1.2621
   54.0000    0.0525    0.1493    0.2423    0.6438    0.0508    0.0224  967.1021  891.2933    1.2621
   55.0000    0.0525    0.1488    0.2423    0.6438    0.0508    0.0224  967.1492  891.3367    1.2621
   56.0000    0.0524    0.1484    0.2423    0.6438    0.0508    0.0224  967.1867  891.3713    1.2621
   57.0000    0.0523    0.1481    0.2423    0.6438    0.0508    0.0224  967.2164  891.3987    1.2621
   58.0000    0.0523    0.1478    0.2423    0.6438    0.0508    0.0224  967.2397  891.4201    1.2621
   59.0000    0.0523    0.1476    0.2423    0.6438    0.0508    0.0224  967.2575  891.4365    1.2621
   60.0000    0.0522    0.1474    0.2423    0.6438    0.0508    0.0224  967.2711  891.4491    1.2621
   61.0000    0.0522    0.1473    0.2423    0.6438    0.0508    0.0224  967.2815  891.4587    1.2621
   62.0000    0.0522    0.1472    0.2423    0.6438    0.0508    0.0224  967.2893  891.4658    1.2621
   63.0000    0.0522    0.1471    0.2423    0.6438    0.0508    0.0224  967.2952  891.4713    1.2621
   64.0000    0.0522    0.1470    0.2423    0.6438    0.0508    0.0224  967.2997  891.4754    1.2621
   65.0000    0.0521    0.1470    0.2423    0.6438    0.0508    0.0224  967.3031  891.4786    1.2621
   66.0000    0.0521    0.1469    0.2423    0.6438    0.0508    0.0224  967.3057  891.4810    1.2621
   67.0000    0.0521    0.1469    0.2423    0.6438    0.0508    0.0224  967.3077  891.4828    1.2621
   68.0000    0.0521    0.1469    0.2423    0.6438    0.0508    0.0224  967.3092  891.4842    1.2621
   69.0000    0.0521    0.1469    0.2423    0.6438    0.0508    0.0224  967.3104  891.4853    1.2621
   70.0000    0.0521    0.1469    0.2423    0.6438    0.0508    0.0224  967.3113  891.4862    1.2621
   71.0000    0.0521    0.1469    0.2423    0.6438    0.0508    0.0224  967.3120  891.4868    1.2621
   72.0000    0.0521    0.1469    0.2423    0.6438    0.0508    0.0224  967.3125  891.4872    1.2621
   73.0000    0.0521    0.1469    0.2423    0.6438    0.0508    0.0224  967.3128  891.4876    1.2621
   74.0000    0.0521    0.1469    0.2423    0.6438    0.0508    0.0224  967.3131  891.4878    1.2621
   75.0000    0.0521    0.1469    0.2423    0.6438    0.0508    0.0224  967.3133  891.4879    1.2621
   76.0000    0.0521    0.1469    0.2423    0.6438    0.0508    0.0224  967.3134  891.4880    1.2621
   77.0000    0.0521    0.1469    0.2423    0.6438    0.0508    0.0224  967.3135  891.4881    1.2621
   78.0000    0.0521    0.1469    0.2423    0.6438    0.0508    0.0224  967.3135  891.4882    1.2621
   79.0000    0.0521    0.1469    0.2423    0.6438    0.0508    0.0224  967.3135  891.4882    1.2621
   80.0000    0.0521    0.1469    0.2423    0.6438    0.0508    0.0224  967.3135  891.4882    1.2621
   81.0000    0.0521    0.1469    0.2423    0.6438    0.0508    0.0224  967.3136  891.4882    1.2621
   82.0000    0.0521    0.1469    0.2423    0.6438    0.0508    0.0224  967.3136  891.4882    1.2621
   83.0000    0.0521    0.1469    0.2423    0.6438    0.0508    0.0224  967.3136  891.4882    1.2621
   84.0000    0.0521    0.1469    0.2423    0.6438    0.0508    0.0224  967.3136  891.4882    1.2621
   85.0000    0.0521    0.1469    0.2423    0.6438    0.0508    0.0224  967.3136  891.4882    1.2621
   86.0000    0.0521    0.1469    0.2423    0.6438    0.0508    0.0224  967.3136  891.4882    1.2621
   87.0000    0.0521    0.1469    0.2423    0.6438    0.0508    0.0224  967.3136  891.4882    1.2621
   88.0000    0.0521    0.1469    0.2423    0.6438    0.0508    0.0224  967.3136  891.4882    1.2621
   89.0000    0.0521    0.1469    0.2423    0.6438    0.0508    0.0224  967.3136  891.4882    1.2621
   90.0000    0.0521    0.1469    0.2423    0.6438    0.0508    0.0224  967.3136  891.4882    1.2621
   91.0000    0.0521    0.1469    0.2423    0.6438    0.0508    0.0224  967.3136  891.4882    1.2621
   92.0000    0.0521    0.1469    0.2423    0.6438    0.0508    0.0224  967.3136  891.4882    1.2621
   93.0000    0.0521    0.1469    0.2423    0.6438    0.0508    0.0224  967.3136  891.4882    1.2621
   94.0000    0.0521    0.1469    0.2423    0.6438    0.0508    0.0224  967.3136  891.4883    1.2621
   95.0000    0.0521    0.1469    0.2423    0.6438    0.0508    0.0224  967.3136  891.4883    1.2621
   96.0000    0.0521    0.1469    0.2423    0.6438    0.0508    0.0224  967.3136  891.4883    1.2621
   97.0000    0.0521    0.1469    0.2423    0.6438    0.0508    0.0224  967.3136  891.4883    1.2621
   98.0000    0.0521    0.1469    0.2423    0.6438    0.0508    0.0224  967.3136  891.4883    1.2621
   99.0000    0.0521    0.1469    0.2423    0.6438    0.0508    0.0224  967.3137  891.4883    1.2621
  100.0000    0.0521    0.1469    0.2423    0.6438    0.0508    0.0224  967.3137  891.4883    1.2621
