         t         N         I         S      h_HL       h_H       h_L       Eta   Gamma_H   Gamma_L
    0.0000    1.0000    0.6818    0.9068   -0.8098   -0.8098    0.0000    0.6495    0.0622    0.0963
    1.0000    1.0187    0.6876    0.9081   -0.8098   -0.8072    0.0026    0.6557    0.0613    0.0945
    2.0000    1.0374    0.6933    0.9095   -0.8098   -0.8046    0.0052    0.6618    0.0603    0.0928
    3.0000    1.0563    0.6989    0.9108   -0.8098   -0.8020    0.0078    0.6678    0.0594    0.0910
    4.0000    1.0753    0.7044    0.9122   -0.8098   -0.7994    0.0104    0.6738    0.0585    0.0893
    5.0000    1.0944    0.7100    0.9135   -0.8098   -0.7968    0.0131    0.6798    0.0576    0.0876
    6.0000    1.1136    0.7155    0.9149   -0.8098   -0.7942    0.0157    0.6858    0.0566    0.0858
    7.0000    1.1332    0.7211    0.9163   -0.8098   -0.7916    0.0183    0.6919    0.0557    0.0841
    8.0000    1.1530    0.7267    0.9177   -0.8098   -0.7889    0.0209    0.6979    0.0547    0.0823
    9.0000    1.1733    0.7321    0.9190   -0.8098   -0.7863    0.0235    0.7038    0.0538    0.0806
   10.0000    1.1941    0.7373    0.9203   -0.8098   -0.7837    0.0261    0.7094    0.0529    0.0790
   11.0000    1.2154    0.7421    0.9216   -0.8098   -0.7811    0.0287    0.7146    0.0520    0.0775
   12.0000    1.2374    0.7466    0.9227   -0.8098   -0.7785    0.0313    0.7194    0.0513    0.0761
   13.0000    1.2598    0.7509    0.9238   -0.8098   -0.7759    0.0340    0.7241    0.0505    0.0747
   14.0000    1.2828    0.7554    0.9250   -0.8098   -0.7733    0.0366    0.7290    0.0497    0.0733
   15.0000    1.3062    0.7601    0.9262   -0.8098   -0.7707    0.0392    0.7341    0.0488    0.0718
   16.0000    1.3299    0.7651    0.9275   -0.8098   -0.7680    0.0418    0.7395    0.0479    0.0702
   17.0000    1.3538    0.7695    0.9287   -0.8098   -0.7654    0.0444    0.7444    0.0471    0.0688
   18.0000    1.3779    0.7730    0.9296   -0.8098   -0.7628    0.0470    0.7482    0.0465    0.0677
   19.0000    1.4021    0.7755    0.9302   -0.8098   -0.7602    0.0496    0.7509    0.0460    0.0669
   20.0000    1.4264    0.7772    0.9307   -0.8098   -0.7576    0.0522    0.7527    0.0457    0.0664
   21.0000    1.4507    0.7782    0.9310   -0.8098   -0.7550    0.0549    0.7539    0.0455    0.0661
   22.0000    1.4750    0.7788    0.9311   -0.8098   -0.7524    0.0575    0.7546    0.0454    0.0659
   23.0000    1.4994    0.7792    0.9312   -0.8098   -0.7498    0.0601    0.7549    0.0453    0.0658
   24.0000    1.5237    0.7794    0.9313   -0.8098   -0.7472    0.0627    0.7551    0.0453    0.0657
   25.0000    1.5481    0.7795    0.9313   -0.8098   -0.7445    0.0653    0.7553    0.0453    0.0657
   26.0000    1.5724    0.7795    0.9313   -0.8098   -0.7419    0.0679    0.7553    0.0453    0.0657
   27.0000    1.5968    0.7796    0.9313   -0.8098   -0.7393    0.0705    0.7553    0.0453    0.0657
   28.0000    1.6211    0.7796    0.9313   -0.8098   -0.7367    0.0731    0.7553    0.0453    0.0657
   29.0000    1.6455    0.7796    0.9313   -0.8098   -0.7341    0.0758    0.7553    0.0453    0.0657
   30.0000    1.6699    0.7796    0.9313   -0.8098   -0.7315    0.0784    0.7553    0.0453    0.0657
   31.0000    1.6942    0.7796    0.9313   -0.8098   -0.7289    0.0810    0.7554    0.0453    0.0657
   32.0000    1.7186    0.7796    0.9313   -0.8098   -0.7263    0.0836    0.7554    0.0453    0.0657
   33.0000    1.7429    0.7796    0.9313   -0.8098   -0.7236    0.0862    0.7554    0.0453    0.0657
   34.0000    1.7673    0.7796    0.9313   -0.8098   -0.7210    0.0888    0.7554    0.0453    0.0657
   35.0000    1.7917    0.7796    0.9313   -0.8098   -0.7184    0.0914    0.7554    0.0453    0.0657
   36.0000    1.8160    0.7796    0.9313   -0.8098   -0.7158    0.0940    0.7554    0.0453    0.0657
   37.0000    1.8404    0.7796    0.9313   -0.8098   -0.7132    0.0967    0.7554    0.0453    0.0657
   38.0000    1.8647    0.7796    0.9313   -0.8098   -0.7106    0.0993    0.7554    0.0453    0.0657
   39.0000    1.8891    0.7796    0.9313   -0.8098   -0.7080    0.1019    0.7554    0.0453    0.0657
   40.0000    1.9134    0.7796    0.9313   -0.8098   -0.7054    0.1045    0.7554    0.0453    0.0657
   41.0000    1.9378    0.7796    0.9313   -0.8098   -0.7027    0.1071    0.7554    0.0453    0.0657
   42.0000    1.9622    0.7796    0.9313   -0.8098   -0.7001    0.1097    0.7554    0.0453    0.0657
   43.0000    1.9865    0.7796    0.9313   -0.8098   -0.6975    0.1123    0.7554    0.0453    0.0657
   44.0000    2.0109    0.7796    0.9313   -0.8098   -0.6949    0.1149    0.7554    0.0453    0.0657
   45.0000    2.0352    0.7796    0.9313   -0.8098   -0.6923    0.1176    0.7554    0.0453    0.0657
   46.0000    2.0596    0.7796    0.9313   -0.8098   -0.6897    0.1202    0.7554    0.0453    0.0657
   47.0000    2.0840    0.7796    0.9313   -0.8098   -0.6871    0.1228    0.7554    0.0453    0.0657
   48.0000    2.1083    0.7796    0.9313   -0.8098   -0.6845    0.1254    0.7554    0.0453    0.0657
   49.0000    2.1327    0.7796    0.9313   -0.8098   -0.6818    0.1280    0.7554    0.0453    0.0657
   50.0000    2.1570    0.7796    0.9313   -0.8098   -0.6792    0.1306    0.7554    0.0453    0.0657
   51.0000    2.1814    0.7796    0.9313   -0.8098   -0.6766    0.1332    0.7554    0.0453    0.0657
   52.0000    2.2058    0.7796    0.9313   -0.8098   -0.6740    0.1358    0.7554    0.0453    0.0657
   53.0000    2.2301    0.7796    0.9313   -0.8098   -0.6714    0.1385    0.7554    0.0453    0.0657
   54.0000    2.2545    0.7796    0.9313   -0.8098   -0.6688    0.1411    0.7554    0.0453    0.0657
   55.0000    2.2788    0.7796    0.9313   -0.8098   -0.6662    0.1437    0.7554    0.0453    0.0657
   56.0000    2.3032    0.7796    0.9313   -0.8098   -0.6636    0.1463    0.7554    0.0453    0.0657
   57.0000    2.3276    0.7796    0.9313   -0.8098   -0.6609    0.1489    0.7554    0.0453    0.0657
   58.0000    2.3519    0.7796    0.9313   -0.8098   -0.6583    0.1515    0.7554    0.0453    0.0657
   59.0000    2.3763    0.7796    0.9313   -0.8098   -0.6557    0.1541    0.7554    0.0453    0.0657
   60.0000    2.4006    0.7796    0.9313   -0.8098   -0.6531    0.1567    0.7554    0.0453    0.0657
   61.0000    2.4250    0.7796    0.9313   -0.8098   -0.6505    0.1594    0.7554    0.0453    0.0657
   62.0000    2.4494    0.7796    0.9313   -0.8098   -0.6479    0.1620    0.7554    0.0453    0.0657
   63.0000    2.4737    0.7796    0.9313   -0.8098   -0.6453    0.1646    0.7554    0.0453    0.0657
   64.0000    2.4981    0.7796    0.9313   -0.8098   -0.6427    0.1672    0.7554    0.0453    0.0657
   65.0000    2.5224    0.7796    0.9313   -0.8098   -0.6400    0.1698    0.7554    0.0453    0.0657
   66.0000    2.5468    0.7796    0.9313   -0.8098   -0.6374    0.1724    0.7554    0.0453    0.0657
   67.0000    2.5712    0.7796    0.9313   -0.8098   -0.6348    0.1750    0.7554    0.0453    0.0657
   68.0000    2.5955    0.7796    0.9313   -0.8098   -0.6322    0.1776    0.7554    0.0453    0.0657
   69.0000    2.6199    0.7796    0.9313   -0.8098   -0.6296    0.1803    0.7554    0.0453    0.0657
   70.0000    2.6442    0.7796    0.9313   -0.8098   -0.6270    0.1829    0.7554    0.0453    0.0657
   71.0000    2.6686    0.7796    0.9313   -0.8098   -0.6244    0.1855    0.7554    0.0453    0.0657
   72.0000    2.6930    0.7796    0.9313   -0.8098   -0.6218    0.1881    0.7554    0.0453    0.0657
   73.0000    2.7173    0.7796    0.9313   -0.8098   -0.6191    0.1907    0.7554    0.0453    0.0657
   74.0000    2.7417    0.7796    0.9313   -0.8098   -0.6165    0.1933    0.7554    0.0453    0.0657
   75.0000    2.7660    0.7796    0.9313   -0.8098   -0.6139    0.1959    0.7554    0.0453    0.0657
   76.0000    2.7904    0.7796    0.9313   -0.8098   -0.6113    0.1985    0.7554    0.0453    0.0657
   77.0000    2.8147    0.7796    0.9313   -0.8098   -0.6087    0.2012    0.7554    0.0453    0.0657
   78.0000    2.8391    0.7796    0.9313   -0.8098   -0.6061    0.2038    0.7554    0.0453    0.0657
   79.0000    2.8635    0.7796    0.9313   -0.8098   -0.6035    0.2064    0.7554    0.0453    0.0657
   80.0000    2.8878    0.7796    0.9313   -0.8098   -0.6009    0.2090    0.7554    0.0453    0.0657
   81.0000    2.9122    0.7796    0.9313   -0.8098   -0.5982    0.2116    0.7554    0.0453    0.0657
   82.0000    2.9365    0.7796    0.9313   -0.8098   -0.5956    0.2142    0.7554    0.0453    0.0657
   83.0000    2.9609    0.7796    0.9313   -0.8098   -0.5930    0.2168    0.7554    0.0453    0.0657
   84.0000    2.9853    0.7796    0.9313   -0.8098   -0.5904    0.2194    0.7554    0.0453    0.0657
   85.0000    3.0096    0.7796    0.9313   -0.8098   -0.5878    0.2221    0.7554    0.0453    0.0657
   86.0000    3.0340    0.7796    0.9313   -0.8098   -0.5852    0.2247    0.7554    0.0453    0.0657
   87.0000    3.0583    0.7796    0.9313   -0.8098   -0.5826    0.2273    0.7554    0.0453    0.0657
   88.0000    3.0827    0.7796    0.9313   -0.8098   -0.5800    0.2299    0.7554    0.0453    0.0657
   89.0000    3.1071    0.7796    0.9313   -0.8098   -0.5773    0.2325    0.7554    0.0453    0.0657
   90.0000    3.1314    0.7796    0.9313   -0.8098   -0.5747    0.2351    0.7554    0.0453    0.0657
   91.0000    3.1558    0.7796    0.9313   -0.8098   -0.5721    0.2377    0.7554    0.0453    0.0657
   92.0000    3.1801    0.7796    0.9313   -0.8098   -0.5695    0.2403    0.7554    0.0453    0.0657
   93.0000    3.2045    0.7796    0.9313   -0.8098   -0.5669    0.2430    0.7554    0.0453    0.0657
   94.0000    3.2289    0.7796    0.9313   -0.8098   -0.5643    0.2456    0.7554    0.0453    0.0657
   95.0000    3.2532    0.7796    0.9313   -0.8098   -0.5617    0.2482    0.7554    0.0453    0.0657
   96.0000    3.2776    0.7796    0.9313   -0.8098   -0.5591    0.2508    0.7554    0.0453    0.0657
   97.0000    3.3019    0.7796    0.9313   -0.8098   -0.5564    0.2534    0.7554    0.0453    0.0657
   98.0000    3.3263    0.7796    0.9313   -0.8098   -0.5538    0.2560    0.7554    0.0453    0.0657
   99.0000    3.3507    0.7796    0.9313   -0.8098   -0.5512    0.2586    0.7554    0.0453    0.0657
  100.0000    1.0000    0.7796    0.9313   -0.8098   -0.8098    0.0000    0.7554    0.0453    0.0657
