         t         y         k       L_H       L_L       c_H       c_L       V_H       V_L      V_HL
    0.0000    0.0497    0.1249    0.2292    0.6389    0.0377    0.0181 1135.2538 1054.5689    1.0902
    0.5000    0.0494    0.1249    0.2292    0.6389    0.0376    0.0180 1135.5066 1054.8037    1.0902
    1.0000    0.0489    0.1245    0.2292    0.6389    0.0375    0.0179 1135.8674 1055.1388    1.0902
    1.5000    0.0484    0.1237    0.2292    0.6389    0.0374    0.0179 1136.2822 1055.5242    1.0902
    2.0000    0.0476    0.1220    0.2292    0.6389    0.0373    0.0179 1136.7203 1055.9312    1.0902
    2.5000    0.0465    0.1193    0.2292    0.6389    0.0373    0.0178 1137.1356 1056.3169    1.0902
    3.0000    0.0452    0.1157    0.2292    0.6389    0.0373    0.0178 1137.4663 1056.6241    1.0902
    3.5000    0.0438    0.1116    0.2292    0.6389    0.0372    0.0178 1137.7153 1056.8554    1.0902
    4.0000    0.0425    0.1076    0.2292    0.6389    0.0372    0.0178 1137.8949 1057.0223    1.0902
    4.5000    0.0413    0.1042    0.2292    0.6389    0.0372    0.0178 1138.0192 1057.1377    1.0902
    5.0000    0.0404    0.1015    0.2292    0.6389    0.0372    0.0178 1138.1011 1057.2138    1.0902
    5.5000    0.0398    0.0996    0.2292    0.6389    0.0372    0.0178 1138.1489 1057.2583    1.0902
    6.0000    0.0394    0.0985    0.2292    0.6389    0.0372    0.0178 1138.1736 1057.2812    1.0902
    6.5000    0.0391    0.0978    0.2292    0.6389    0.0372    0.0178 1138.1858 1057.2925    1.0902
    7.0000    0.0390    0.0974    0.2292    0.6389    0.0372    0.0178 1138.1917 1057.2980    1.0902
    7.5000    0.0390    0.0972    0.2292    0.6389    0.0372    0.0178 1138.1944 1057.3005    1.0902
    8.0000    0.0389    0.0971    0.2292    0.6389    0.0372    0.0178 1138.1949 1057.3010    1.0902
    8.5000    0.0389    0.0971    0.2292    0.6389    0.0372    0.0178 1138.1949 1057.3010    1.0902
    9.0000    0.0389    0.0971    0.2292    0.6389    0.0372    0.0178 1138.1949 1057.3010    1.0902
    9.5000    0.0389    0.0971    0.2292    0.6389    0.0372    0.0178 1138.1949 1057.3010    1.0902
   10.0000    0.0389    0.0971    0.2292    0.6389    0.0372    0.0178 1138.1949 1057.3010    1.0902
   10.5000    0.0389    0.0971    0.2292    0.6389    0.0372    0.0178 1138.1949 1057.3010    1.0902
   11.0000    0.0389    0.0971    0.2292    0.6389    0.0372    0.0178 1138.1949 1057.3010    1.0902
   11.5000    0.0389    0.0971    0.2292    0.6389    0.0372    0.0178 1138.1949 1057.3010    1.0902
   12.0000    0.0389    0.0971    0.2292    0.6389    0.0372    0.0178 1138.1949 1057.3010    1.0902
   12.5000    0.0389    0.0971    0.2292    0.6389    0.0372    0.0178 1138.1949 1057.3010    1.0902
   13.0000    0.0389    0.0971    0.2292    0.6389    0.0372    0.0178 1138.1949 1057.3010    1.0902
   13.5000    0.0389    0.0971    0.2292    0.6389    0.0372    0.0178 1138.1949 1057.3010    1.0902
   14.0000    0.0389    0.0971    0.2292    0.6389    0.0372    0.0178 1138.1949 1057.3010    1.0902
   14.5000    0.0389    0.0971    0.2292    0.6389    0.0372    0.0178 1138.1949 1057.3010    1.0902
   15.0000    0.0389    0.0971    0.2292    0.6389    0.0372    0.0178 1138.1949 1057.3010    1.0902
   15.5000    0.0389    0.0971    0.2292    0.6389    0.0372    0.0178 1138.1949 1057.3010    1.0902
   16.0000    0.0389    0.0971    0.2292    0.6389    0.0372    0.0178 1138.1949 1057.3010    1.0902
   16.5000    0.0389    0.0971    0.2292    0.6389    0.0372    0.0178 1138.1949 1057.3010    1.0902
   17.0000    0.0389    0.0971    0.2292    0.6389    0.0372    0.0178 1138.1949 1057.3010    1.0902
   17.5000    0.0389    0.0971    0.2292    0.6389    0.0372    0.0178 1138.1949 1057.3010    1.0902
   18.0000    0.0389    0.0971    0.2292    0.6389    0.0372    0.0178 1138.1949 1057.3010    1.0902
   18.5000    0.0389    0.0971    0.2292    0.6389    0.0372    0.0178 1138.1949 1057.3010    1.0902
   19.0000    0.0389    0.0971    0.2292    0.6389    0.0372    0.0178 1138.1949 1057.3010    1.0902
   19.5000    0.0389    0.0971    0.2292    0.6389    0.0372    0.0178 1138.1949 1057.3010    1.0902
   20.0000    0.0389    0.0971    0.2292    0.6389    0.0372    0.0178 1138.1949 1057.3010    1.0902
   20.5000    0.0389    0.0971    0.2292    0.6389    0.0372    0.0178 1138.1949 1057.3010    1.0902
   21.0000    0.0389    0.0971    0.2292    0.6389    0.0372    0.0178 1138.1949 1057.3010    1.0902
   21.5000    0.0389    0.0971    0.2292    0.6389    0.0372    0.0178 1138.1949 1057.3010    1.0902
   22.0000    0.0389    0.0971    0.2292    0.6389    0.0372    0.0178 1138.1949 1057.3010    1.0902
   22.5000    0.0389    0.0971    0.2292    0.6389    0.0372    0.0178 1138.1949 1057.3010    1.0902
   23.0000    0.0389    0.0971    0.2292    0.6389    0.0372    0.0178 1138.1949 1057.3010    1.0902
   23.5000    0.0389    0.0971    0.2292    0.6389    0.0372    0.0178 1138.1949 1057.3010    1.0902
   24.0000    0.0389    0.0971    0.2292    0.6389    0.0372    0.0178 1138.1949 1057.3010    1.0902
   24.5000    0.0389    0.0971    0.2292    0.6389    0.0372    0.0178 1138.1949 1057.3010    1.0902
   25.0000    0.0389    0.0971    0.2292    0.6389    0.0372    0.0178 1138.1949 1057.3010    1.0902
   25.5000    0.0389    0.0971    0.2292    0.6389    0.0372    0.0178 1138.1949 1057.3010    1.0902
   26.0000    0.0389    0.0971    0.2292    0.6389    0.0372    0.0178 1138.1949 1057.3010    1.0902
   26.5000    0.0389    0.0971    0.2292    0.6389    0.0372    0.0178 1138.1949 1057.3010    1.0902
   27.0000    0.0389    0.0971    0.2292    0.6389    0.0372    0.0178 1138.1949 1057.3010    1.0902
   27.5000    0.0389    0.0971    0.2292    0.6389    0.0372    0.0178 1138.1949 1057.3010    1.0902
   28.0000    0.0389    0.0971    0.2292    0.6389    0.0372    0.0178 1138.1949 1057.3010    1.0902
   28.5000    0.0389    0.0971    0.2292    0.6389    0.0372    0.0178 1138.1949 1057.3010    1.0902
   29.0000    0.0389    0.0971    0.2292    0.6389    0.0372    0.0178 1138.1949 1057.3010    1.0902
   29.5000    0.0389    0.0971    0.2292    0.6389    0.0372    0.0178 1138.1949 1057.3010    1.0902
   30.0000    0.0389    0.0971    0.2292    0.6389    0.0372    0.0178 1138.1949 1057.3010    1.0902
   30.5000    0.0389    0.0971    0.2292    0.6389    0.0372    0.0178 1138.1949 1057.3010    1.0902
   31.0000    0.0389    0.0971    0.2292    0.6389    0.0372    0.0178 1138.1949 1057.3010    1.0902
   31.5000    0.0389    0.0971    0.2292    0.6389    0.0372    0.0178 1138.1949 1057.3010    1.0902
   32.0000    0.0389    0.0971    0.2292    0.6389    0.0372    0.0178 1138.1949 1057.3010    1.0902
   32.5000    0.0389    0.0971    0.2292    0.6389    0.0372    0.0178 1138.1949 1057.3010    1.0902
   33.0000    0.0389    0.0971    0.2292    0.6389    0.0372    0.0178 1138.1949 1057.3010    1.0902
   33.5000    0.0389    0.0971    0.2292    0.6389    0.0372    0.0178 1138.1949 1057.3010    1.0902
   34.0000    0.0389    0.0971    0.2292    0.6389    0.0372    0.0178 1138.1949 1057.3010    1.0902
   34.5000    0.0389    0.0971    0.2292    0.6389    0.0372    0.0178 1138.1949 1057.3010    1.0902
   35.0000    0.0389    0.0971    0.2292    0.6389    0.0372    0.0178 1138.1949 1057.3010    1.0902
   35.5000    0.0389    0.0971    0.2292    0.6389    0.0372    0.0178 1138.1949 1057.3010    1.0902
   36.0000    0.0389    0.0971    0.2292    0.6389    0.0372    0.0178 1138.1949 1057.3010    1.0902
   36.5000    0.0389    0.0971    0.2292    0.6389    0.0372    0.0178 1138.1949 1057.3010    1.0902
   37.0000    0.0389    0.0971    0.2292    0.6389    0.0372    0.0178 1138.1949 1057.3010    1.0902
   37.5000    0.0389    0.0971    0.2292    0.6389    0.0372    0.0178 1138.1949 1057.3010    1.0902
   38.0000    0.0389    0.0971    0.2292    0.6389    0.0372    0.0178 1138.1949 1057.3010    1.0902
   38.5000    0.0389    0.0971    0.2292    0.6389    0.0372    0.0178 1138.1949 1057.3010    1.0902
   39.0000    0.0389    0.0971    0.2292    0.6389    0.0372    0.0178 1138.1949 1057.3010    1.0902
   39.5000    0.0389    0.0971    0.2292    0.6389    0.0372    0.0178 1138.1949 1057.3010    1.0902
   40.0000    0.0389    0.0971    0.2292    0.6389    0.0372    0.0178 1138.1949 1057.3010    1.0902
   40.5000    0.0389    0.0971    0.2292    0.6389    0.0372    0.0178 1138.1949 1057.3010    1.0902
   41.0000    0.0389    0.0971    0.2292    0.6389    0.0372    0.0178 1138.1949 1057.3010    1.0902
   41.5000    0.0389    0.0971    0.2292    0.6389    0.0372    0.0178 1138.1949 1057.3010    1.0902
   42.0000    0.0389    0.0971    0.2292    0.6389    0.0372    0.0178 1138.1949 1057.3010    1.0902
   42.5000    0.0389    0.0971    0.2292    0.6389    0.0372    0.0178 1138.1949 1057.3010    1.0902
   43.0000    0.0389    0.0971    0.2292    0.6389    0.0372    0.0178 1138.1949 1057.3010    1.0902
   43.5000    0.0389    0.0971    0.2292    0.6389    0.0372    0.0178 1138.1949 1057.3010    1.0902
   44.0000    0.0389    0.0971    0.2292    0.6389    0.0372    0.0178 1138.1949 1057.3010    1.0902
   44.5000    0.0389    0.0971    0.2292    0.6389    0.0372    0.0178 1138.1949 1057.3010    1.0902
   45.0000    0.0389    0.0971    0.2292    0.6389    0.0372    0.0178 1138.1949 1057.3010    1.0902
   45.5000    0.0389    0.0971    0.2292    0.6389    0.0372    0.0178 1138.1949 1057.3010    1.0902
   46.0000    0.0389    0.0971    0.2292    0.6389    0.0372    0.0178 1138.1949 1057.3010    1.0902
   46.5000    0.0389    0.0971    0.2292    0.6389    0.0372    0.0178 1138.1949 1057.3010    1.0902
   47.0000    0.0389    0.0971    0.2292    0.6389    0.0372    0.0178 1138.1949 1057.3010    1.0902
   47.5000    0.0389    0.0971    0.2292    0.6389    0.0372    0.0178 1138.1949 1057.3010    1.0902
   48.0000    0.0389    0.0971    0.2292    0.6389    0.0372    0.0178 1138.1949 1057.3010    1.0902
   48.5000    0.0389    0.0971    0.2292    0.6389    0.0372    0.0178 1138.1949 1057.3010    1.0902
   49.0000    0.0389    0.0971    0.2292    0.6389    0.0372    0.0178 1138.1949 1057.3010    1.0902
   49.5000    0.0389    0.0971    0.2292    0.6389    0.0372    0.0178 1138.1949 1057.3010    1.0902
   50.0000    0.0389    0.0971    0.2292    0.6389    0.0372    0.0178 1138.1949 1057.3010    1.0902
   50.5000    0.0389    0.0971    0.2292    0.6389    0.0372    0.0178 1138.1949 1057.3010    1.0902
   51.0000    0.0389    0.0971    0.2292    0.6389    0.0372    0.0178 1138.1949 1057.3010    1.0902
   51.5000    0.0389    0.0971    0.2292    0.6389    0.0372    0.0178 1138.1949 1057.3010    1.0902
   52.0000    0.0389    0.0971    0.2292    0.6389    0.0372    0.0178 1138.1949 1057.3010    1.0902
   52.5000    0.0389    0.0971    0.2292    0.6389    0.0372    0.0178 1138.1949 1057.3010    1.0902
   53.0000    0.0389    0.0971    0.2292    0.6389    0.0372    0.0178 1138.1949 1057.3010    1.0902
   53.5000    0.0389    0.0971    0.2292    0.6389    0.0372    0.0178 1138.1949 1057.3010    1.0902
   54.0000    0.0389    0.0971    0.2292    0.6389    0.0372    0.0178 1138.1949 1057.3010    1.0902
   54.5000    0.0389    0.0971    0.2292    0.6389    0.0372    0.0178 1138.1949 1057.3010    1.0902
   55.0000    0.0389    0.0971    0.2292    0.6389    0.0372    0.0178 1138.1949 1057.3010    1.0902
   55.5000    0.0389    0.0971    0.2292    0.6389    0.0372    0.0178 1138.1949 1057.3010    1.0902
   56.0000    0.0389    0.0971    0.2292    0.6389    0.0372    0.0178 1138.1949 1057.3010    1.0902
   56.5000    0.0389    0.0971    0.2292    0.6389    0.0372    0.0178 1138.1949 1057.3010    1.0902
   57.0000    0.0389    0.0971    0.2292    0.6389    0.0372    0.0178 1138.1949 1057.3010    1.0902
   57.5000    0.0389    0.0971    0.2292    0.6389    0.0372    0.0178 1138.1949 1057.3010    1.0902
   58.0000    0.0389    0.0971    0.2292    0.6389    0.0372    0.0178 1138.1949 1057.3010    1.0902
   58.5000    0.0389    0.0971    0.2292    0.6389    0.0372    0.0178 1138.1949 1057.3010    1.0902
   59.0000    0.0389    0.0971    0.2292    0.6389    0.0372    0.0178 1138.1949 1057.3010    1.0902
   59.5000    0.0389    0.0971    0.2292    0.6389    0.0372    0.0178 1138.1949 1057.3010    1.0902
   60.0000    0.0389    0.0971    0.2292    0.6389    0.0372    0.0178 1138.1949 1057.3010    1.0902
   60.5000    0.0389    0.0971    0.2292    0.6389    0.0372    0.0178 1138.1949 1057.3010    1.0902
   61.0000    0.0389    0.0971    0.2292    0.6389    0.0372    0.0178 1138.1949 1057.3010    1.0902
   61.5000    0.0389    0.0971    0.2292    0.6389    0.0372    0.0178 1138.1949 1057.3010    1.0902
   62.0000    0.0389    0.0971    0.2292    0.6389    0.0372    0.0178 1138.1949 1057.3010    1.0902
   62.5000    0.0389    0.0971    0.2292    0.6389    0.0372    0.0178 1138.1949 1057.3010    1.0902
   63.0000    0.0389    0.0971    0.2292    0.6389    0.0372    0.0178 1138.1949 1057.3010    1.0902
   63.5000    0.0389    0.0971    0.2292    0.6389    0.0372    0.0178 1138.1949 1057.3010    1.0902
   64.0000    0.0389    0.0971    0.2292    0.6389    0.0372    0.0178 1138.1949 1057.3010    1.0902
   64.5000    0.0389    0.0971    0.2292    0.6389    0.0372    0.0178 1138.1949 1057.3010    1.0902
   65.0000    0.0389    0.0971    0.2292    0.6389    0.0372    0.0178 1138.1949 1057.3010    1.0902
   65.5000    0.0389    0.0971    0.2292    0.6389    0.0372    0.0178 1138.1949 1057.3010    1.0902
   66.0000    0.0389    0.0971    0.2292    0.6389    0.0372    0.0178 1138.1949 1057.3010    1.0902
   66.5000    0.0389    0.0971    0.2292    0.6389    0.0372    0.0178 1138.1949 1057.3010    1.0902
   67.0000    0.0389    0.0971    0.2292    0.6389    0.0372    0.0178 1138.1949 1057.3010    1.0902
   67.5000    0.0389    0.0971    0.2292    0.6389    0.0372    0.0178 1138.1949 1057.3010    1.0902
   68.0000    0.0389    0.0971    0.2292    0.6389    0.0372    0.0178 1138.1949 1057.3010    1.0902
   68.5000    0.0389    0.0971    0.2292    0.6389    0.0372    0.0178 1138.1949 1057.3010    1.0902
   69.0000    0.0389    0.0971    0.2292    0.6389    0.0372    0.0178 1138.1949 1057.3010    1.0902
   69.5000    0.0389    0.0971    0.2292    0.6389    0.0372    0.0178 1138.1949 1057.3010    1.0902
   70.0000    0.0389    0.0971    0.2292    0.6389    0.0372    0.0178 1138.1949 1057.3010    1.0902
   70.5000    0.0389    0.0971    0.2292    0.6389    0.0372    0.0178 1138.1949 1057.3010    1.0902
   71.0000    0.0389    0.0971    0.2292    0.6389    0.0372    0.0178 1138.1949 1057.3010    1.0902
   71.5000    0.0389    0.0971    0.2292    0.6389    0.0372    0.0178 1138.1949 1057.3010    1.0902
   72.0000    0.0389    0.0971    0.2292    0.6389    0.0372    0.0178 1138.1949 1057.3010    1.0902
   72.5000    0.0389    0.0971    0.2292    0.6389    0.0372    0.0178 1138.1949 1057.3010    1.0902
   73.0000    0.0389    0.0971    0.2292    0.6389    0.0372    0.0178 1138.1949 1057.3010    1.0902
   73.5000    0.0389    0.0971    0.2292    0.6389    0.0372    0.0178 1138.1949 1057.3010    1.0902
   74.0000    0.0389    0.0971    0.2292    0.6389    0.0372    0.0178 1138.1949 1057.3010    1.0902
   74.5000    0.0389    0.0971    0.2292    0.6389    0.0372    0.0178 1138.1949 1057.3010    1.0902
   75.0000    0.0389    0.0971    0.2292    0.6389    0.0372    0.0178 1138.1949 1057.3010    1.0902
   75.5000    0.0389    0.0971    0.2292    0.6389    0.0372    0.0178 1138.1949 1057.3010    1.0902
   76.0000    0.0389    0.0971    0.2292    0.6389    0.0372    0.0178 1138.1949 1057.3010    1.0902
   76.5000    0.0389    0.0971    0.2292    0.6389    0.0372    0.0178 1138.1949 1057.3010    1.0902
   77.0000    0.0389    0.0971    0.2292    0.6389    0.0372    0.0178 1138.1949 1057.3010    1.0902
   77.5000    0.0389    0.0971    0.2292    0.6389    0.0372    0.0178 1138.1949 1057.3010    1.0902
   78.0000    0.0389    0.0971    0.2292    0.6389    0.0372    0.0178 1138.1949 1057.3010    1.0902
   78.5000    0.0389    0.0971    0.2292    0.6389    0.0372    0.0178 1138.1949 1057.3010    1.0902
   79.0000    0.0389    0.0971    0.2292    0.6389    0.0372    0.0178 1138.1949 1057.3010    1.0902
   79.5000    0.0389    0.0971    0.2292    0.6389    0.0372    0.0178 1138.1949 1057.3010    1.0902
   80.0000    0.0389    0.0971    0.2292    0.6389    0.0372    0.0178 1138.1949 1057.3010    1.0902
   80.5000    0.0389    0.0971    0.2292    0.6389    0.0372    0.0178 1138.1949 1057.3010    1.0902
   81.0000    0.0389    0.0971    0.2292    0.6389    0.0372    0.0178 1138.1949 1057.3010    1.0902
   81.5000    0.0389    0.0971    0.2292    0.6389    0.0372    0.0178 1138.1949 1057.3010    1.0902
   82.0000    0.0389    0.0971    0.2292    0.6389    0.0372    0.0178 1138.1949 1057.3010    1.0902
   82.5000    0.0389    0.0971    0.2292    0.6389    0.0372    0.0178 1138.1949 1057.3010    1.0902
   83.0000    0.0389    0.0971    0.2292    0.6389    0.0372    0.0178 1138.1949 1057.3010    1.0902
   83.5000    0.0389    0.0971    0.2292    0.6389    0.0372    0.0178 1138.1949 1057.3010    1.0902
   84.0000    0.0389    0.0971    0.2292    0.6389    0.0372    0.0178 1138.1949 1057.3010    1.0902
   84.5000    0.0389    0.0971    0.2292    0.6389    0.0372    0.0178 1138.1949 1057.3010    1.0902
   85.0000    0.0389    0.0971    0.2292    0.6389    0.0372    0.0178 1138.1949 1057.3010    1.0902
   85.5000    0.0389    0.0971    0.2292    0.6389    0.0372    0.0178 1138.1949 1057.3010    1.0902
   86.0000    0.0389    0.0971    0.2292    0.6389    0.0372    0.0178 1138.1949 1057.3010    1.0902
   86.5000    0.0389    0.0971    0.2292    0.6389    0.0372    0.0178 1138.1949 1057.3010    1.0902
   87.0000    0.0389    0.0971    0.2292    0.6389    0.0372    0.0178 1138.1949 1057.3010    1.0902
   87.5000    0.0389    0.0971    0.2292    0.6389    0.0372    0.0178 1138.1949 1057.3010    1.0902
   88.0000    0.0389    0.0971    0.2292    0.6389    0.0372    0.0178 1138.1949 1057.3010    1.0902
   88.5000    0.0389    0.0971    0.2292    0.6389    0.0372    0.0178 1138.1949 1057.3010    1.0902
   89.0000    0.0389    0.0971    0.2292    0.6389    0.0372    0.0178 1138.1949 1057.3010    1.0902
   89.5000    0.0389    0.0971    0.2292    0.6389    0.0372    0.0178 1138.1949 1057.3010    1.0902
   90.0000    0.0389    0.0971    0.2292    0.6389    0.0372    0.0178 1138.1949 1057.3010    1.0902
   90.5000    0.0389    0.0971    0.2292    0.6389    0.0372    0.0178 1138.1949 1057.3010    1.0902
   91.0000    0.0389    0.0971    0.2292    0.6389    0.0372    0.0178 1138.1949 1057.3010    1.0902
   91.5000    0.0389    0.0971    0.2292    0.6389    0.0372    0.0178 1138.1949 1057.3010    1.0902
   92.0000    0.0389    0.0971    0.2292    0.6389    0.0372    0.0178 1138.1949 1057.3010    1.0902
   92.5000    0.0389    0.0971    0.2292    0.6389    0.0372    0.0178 1138.1949 1057.3010    1.0902
   93.0000    0.0389    0.0971    0.2292    0.6389    0.0372    0.0178 1138.1949 1057.3010    1.0902
   93.5000    0.0389    0.0971    0.2292    0.6389    0.0372    0.0178 1138.1949 1057.3010    1.0902
   94.0000    0.0389    0.0971    0.2292    0.6389    0.0372    0.0178 1138.1949 1057.3010    1.0902
   94.5000    0.0389    0.0971    0.2292    0.6389    0.0372    0.0178 1138.1949 1057.3010    1.0902
   95.0000    0.0389    0.0971    0.2292    0.6389    0.0372    0.0178 1138.1949 1057.3010    1.0902
   95.5000    0.0389    0.0971    0.2292    0.6389    0.0372    0.0178 1138.1949 1057.3010    1.0902
   96.0000    0.0389    0.0971    0.2292    0.6389    0.0372    0.0178 1138.1949 1057.3010    1.0902
   96.5000    0.0389    0.0971    0.2292    0.6389    0.0372    0.0178 1138.1949 1057.3010    1.0902
   97.0000    0.0389    0.0971    0.2292    0.6389    0.0372    0.0178 1138.1949 1057.3010    1.0902
   97.5000    0.0389    0.0971    0.2292    0.6389    0.0372    0.0178 1138.1949 1057.3010    1.0902
   98.0000    0.0389    0.0971    0.2292    0.6389    0.0372    0.0178 1138.1949 1057.3010    1.0902
   98.5000    0.0389    0.0971    0.2292    0.6389    0.0372    0.0178 1138.1949 1057.3010    1.0902
   99.0000    0.0389    0.0971    0.2292    0.6389    0.0372    0.0178 1138.1949 1057.3010    1.0902
   99.5000    0.0389    0.0971    0.2292    0.6389    0.0372    0.0178 1138.1949 1057.3010    1.0902
  100.0000    0.0389    0.0971    0.2292    0.6389    0.0372    0.0178 1138.1949 1057.3010    1.0902
