         t         N         I         S      h_HL       h_H       h_L       Eta   Gamma_H   Gamma_L
    0.0000    1.0000    0.6818    0.9068   -0.8098   -0.8098    0.0000    0.6495    0.0622    0.0963
    0.5000    1.0106    0.6885    0.9084   -0.8098   -0.8085    0.0013    0.6567    0.0611    0.0943
    1.0000    1.0209    0.6955    0.9100   -0.8098   -0.8072    0.0026    0.6642    0.0600    0.0921
    1.5000    1.0313    0.7031    0.9119   -0.8098   -0.8059    0.0039    0.6724    0.0587    0.0897
    2.0000    1.0418    0.7118    0.9140   -0.8098   -0.8046    0.0052    0.6818    0.0572    0.0870
    2.5000    1.0525    0.7217    0.9164   -0.8098   -0.8033    0.0065    0.6925    0.0556    0.0839
    3.0000    1.0637    0.7323    0.9191   -0.8098   -0.8020    0.0078    0.7039    0.0538    0.0806
    3.5000    1.0751    0.7428    0.9217   -0.8098   -0.8007    0.0091    0.7153    0.0519    0.0773
    4.0000    1.0867    0.7524    0.9242   -0.8098   -0.7994    0.0104    0.7258    0.0502    0.0742
    4.5000    1.0986    0.7604    0.9263   -0.8098   -0.7981    0.0118    0.7345    0.0488    0.0717
    5.0000    1.1105    0.7665    0.9279   -0.8098   -0.7968    0.0131    0.7411    0.0477    0.0698
    5.5000    1.1226    0.7707    0.9290   -0.8098   -0.7955    0.0144    0.7456    0.0469    0.0685
    6.0000    1.1348    0.7733    0.9297   -0.8098   -0.7942    0.0157    0.7485    0.0464    0.0676
    6.5000    1.1469    0.7748    0.9301   -0.8098   -0.7929    0.0170    0.7502    0.0462    0.0672
    7.0000    1.1591    0.7757    0.9303   -0.8098   -0.7916    0.0183    0.7511    0.0460    0.0669
    7.5000    1.1713    0.7761    0.9304   -0.8098   -0.7903    0.0196    0.7515    0.0459    0.0668
    8.0000    1.1835    0.7763    0.9305   -0.8098   -0.7889    0.0209    0.7518    0.0459    0.0667
    8.5000    1.1957    0.7764    0.9305   -0.8098   -0.7876    0.0222    0.7519    0.0459    0.0667
    9.0000    1.2078    0.7764    0.9305   -0.8098   -0.7863    0.0235    0.7519    0.0459    0.0666
    9.5000    1.2200    0.7764    0.9305   -0.8098   -0.7850    0.0248    0.7519    0.0459    0.0666
   10.0000    1.2322    0.7765    0.9305   -0.8098   -0.7837    0.0261    0.7519    0.0459    0.0666
   10.5000    1.2444    0.7765    0.9305   -0.8098   -0.7824    0.0274    0.7519    0.0459    0.0666
   11.0000    1.2566    0.7765    0.9305   -0.8098   -0.7811    0.0287    0.7519    0.0459    0.0666
   11.5000    1.2688    0.7765    0.9305   -0.8098   -0.7798    0.0300    0.7519    0.0459    0.0666
   12.0000    1.2810    0.7765    0.9305   -0.8098   -0.7785    0.0313    0.7519    0.0459    0.0666
   12.5000    1.2931    0.7765    0.9305   -0.8098   -0.7772    0.0327    0.7519    0.0459    0.0666
   13.0000    1.3053    0.7765    0.9305   -0.8098   -0.7759    0.0340    0.7519    0.0459    0.0666
   13.5000    1.3175    0.7765    0.9305   -0.8098   -0.7746    0.0353    0.7519    0.0459    0.0666
   14.0000    1.3297    0.7765    0.9305   -0.8098   -0.7733    0.0366    0.7519    0.0459    0.0666
   14.5000    1.3419    0.7765    0.9305   -0.8098   -0.7720    0.0379    0.7519    0.0459    0.0666
   15.0000    1.3541    0.7765    0.9305   -0.8098   -0.7707    0.0392    0.7519    0.0459    0.0666
   15.5000    1.3663    0.7765    0.9305   -0.8098   -0.7694    0.0405    0.7519    0.0459    0.0666
   16.0000    1.3784    0.7765    0.9305   -0.8098   -0.7680    0.0418    0.7519    0.0459    0.0666
   16.5000    1.3906    0.7765    0.9305   -0.8098   -0.7667    0.0431    0.7519    0.0459    0.0666
   17.0000    1.4028    0.7765    0.9305   -0.8098   -0.7654    0.0444    0.7519    0.0459    0.0666
   17.5000    1.4150    0.7765    0.9305   -0.8098   -0.7641    0.0457    0.7519    0.0459    0.0666
   18.0000    1.4272    0.7765    0.9305   -0.8098   -0.7628    0.0470    0.7519    0.0459    0.0666
   18.5000    1.4394    0.7765    0.9305   -0.8098   -0.7615    0.0483    0.7519    0.0459    0.0666
   19.0000    1.4516    0.7765    0.9305   -0.8098   -0.7602    0.0496    0.7519    0.0459    0.0666
   19.5000    1.4637    0.7765    0.9305   -0.8098   -0.7589    0.0509    0.7519    0.0459    0.0666
   20.0000    1.4759    0.7765    0.9305   -0.8098   -0.7576    0.0522    0.7519    0.0459    0.0666
   20.5000    1.4881    0.7765    0.9305   -0.8098   -0.7563    0.0536    0.7519    0.0459    0.0666
   21.0000    1.5003    0.7765    0.9305   -0.8098   -0.7550    0.0549    0.7519    0.0459    0.0666
   21.5000    1.5125    0.7765    0.9305   -0.8098   -0.7537    0.0562    0.7519    0.0459    0.0666
   22.0000    1.5247    0.7765    0.9305   -0.8098   -0.7524    0.0575    0.7519    0.0459    0.0666
   22.5000    1.5369    0.7765    0.9305   -0.8098   -0.7511    0.0588    0.7519    0.0459    0.0666
   23.0000    1.5490    0.7765    0.9305   -0.8098   -0.7498    0.0601    0.7519    0.0459    0.0666
   23.5000    1.5612    0.7765    0.9305   -0.8098   -0.7485    0.0614    0.7519    0.0459    0.0666
   24.0000    1.5734    0.7765    0.9305   -0.8098   -0.7472    0.0627    0.7519    0.0459    0.0666
   24.5000    1.5856    0.7765    0.9305   -0.8098   -0.7458    0.0640    0.7519    0.0459    0.0666
   25.0000    1.5978    0.7765    0.9305   -0.8098   -0.7445    0.0653    0.7519    0.0459    0.0666
   25.5000    1.6100    0.7765    0.9305   -0.8098   -0.7432    0.0666    0.7519    0.0459    0.0666
   26.0000    1.6221    0.7765    0.9305   -0.8098   -0.7419    0.0679    0.7519    0.0459    0.0666
   26.5000    1.6343    0.7765    0.9305   -0.8098   -0.7406    0.0692    0.7519    0.0459    0.0666
   27.0000    1.6465    0.7765    0.9305   -0.8098   -0.7393    0.0705    0.7519    0.0459    0.0666
   27.5000    1.6587    0.7765    0.9305   -0.8098   -0.7380    0.0718    0.7519    0.0459    0.0666
   28.0000    1.6709    0.7765    0.9305   -0.8098   -0.7367    0.0731    0.7519    0.0459    0.0666
   28.5000    1.6831    0.7765    0.9305   -0.8098   -0.7354    0.0745    0.7519    0.0459    0.0666
   29.0000    1.6953    0.7765    0.9305   -0.8098   -0.7341    0.0758    0.7519    0.0459    0.0666
   29.5000    1.7074    0.7765    0.9305   -0.8098   -0.7328    0.0771    0.7519    0.0459    0.0666
   30.0000    1.7196    0.7765    0.9305   -0.8098   -0.7315    0.0784    0.7519    0.0459    0.0666
   30.5000    1.7318    0.7765    0.9305   -0.8098   -0.7302    0.0797    0.7519    0.0459    0.0666
   31.0000    1.7440    0.7765    0.9305   -0.8098   -0.7289    0.0810    0.7519    0.0459    0.0666
   31.5000    1.7562    0.7765    0.9305   -0.8098   -0.7276    0.0823    0.7519    0.0459    0.0666
   32.0000    1.7684    0.7765    0.9305   -0.8098   -0.7263    0.0836    0.7519    0.0459    0.0666
   32.5000    1.7806    0.7765    0.9305   -0.8098   -0.7249    0.0849    0.7519    0.0459    0.0666
   33.0000    1.7927    0.7765    0.9305   -0.8098   -0.7236    0.0862    0.7519    0.0459    0.0666
   33.5000    1.8049    0.7765    0.9305   -0.8098   -0.7223    0.0875    0.7519    0.0459    0.0666
   34.0000    1.8171    0.7765    0.9305   -0.8098   -0.7210    0.0888    0.7519    0.0459    0.0666
   34.5000    1.8293    0.7765    0.9305   -0.8098   -0.7197    0.0901    0.7519    0.0459    0.0666
   35.0000    1.8415    0.7765    0.9305   -0.8098   -0.7184    0.0914    0.7519    0.0459    0.0666
   35.5000    1.8537    0.7765    0.9305   -0.8098   -0.7171    0.0927    0.7519    0.0459    0.0666
   36.0000    1.8659    0.7765    0.9305   -0.8098   -0.7158    0.0940    0.7519    0.0459    0.0666
   36.5000    1.8780    0.7765    0.9305   -0.8098   -0.7145    0.0954    0.7519    0.0459    0.0666
   37.0000    1.8902    0.7765    0.9305   -0.8098   -0.7132    0.0967    0.7519    0.0459    0.0666
   37.5000    1.9024    0.7765    0.9305   -0.8098   -0.7119    0.0980    0.7519    0.0459    0.0666
   38.0000    1.9146    0.7765    0.9305   -0.8098   -0.7106    0.0993    0.7519    0.0459    0.0666
   38.5000    1.9268    0.7765    0.9305   -0.8098   -0.7093    0.1006    0.7519    0.0459    0.0666
   39.0000    1.9390    0.7765    0.9305   -0.8098   -0.7080    0.1019    0.7519    0.0459    0.0666
   39.5000    1.9512    0.7765    0.9305   -0.8098   -0.7067    0.1032    0.7519    0.0459    0.0666
   40.0000    1.9633    0.7765    0.9305   -0.8098   -0.7054    0.1045    0.7519    0.0459    0.0666
   40.5000    1.9755    0.7765    0.9305   -0.8098   -0.7040    0.1058    0.7519    0.0459    0.0666
   41.0000    1.9877    0.7765    0.9305   -0.8098   -0.7027    0.1071    0.7519    0.0459    0.0666
   41.5000    1.9999    0.7765    0.9305   -0.8098   -0.7014    0.1084    0.7519    0.0459    0.0666
   42.0000    2.0121    0.7765    0.9305   -0.8098   -0.7001    0.1097    0.7519    0.0459    0.0666
   42.5000    2.0243    0.7765    0.9305   -0.8098   -0.6988    0.1110    0.7519    0.0459    0.0666
   43.0000    2.0365    0.7765    0.9305   -0.8098   -0.6975    0.1123    0.7519    0.0459    0.0666
   43.5000    2.0486    0.7765    0.9305   -0.8098   -0.6962    0.1136    0.7519    0.0459    0.0666
   44.0000    2.0608    0.7765    0.9305   -0.8098   -0.6949    0.1149    0.7519    0.0459    0.0666
   44.5000    2.0730    0.7765    0.9305   -0.8098   -0.6936    0.1163    0.7519    0.0459    0.0666
   45.0000    2.0852    0.7765    0.9305   -0.8098   -0.6923    0.1176    0.7519    0.0459    0.0666
   45.5000    2.0974    0.7765    0.9305   -0.8098   -0.6910    0.1189    0.7519    0.0459    0.0666
   46.0000    2.1096    0.7765    0.9305   -0.8098   -0.6897    0.1202    0.7519    0.0459    0.0666
   46.5000    2.1217    0.7765    0.9305   -0.8098   -0.6884    0.1215    0.7519    0.0459    0.0666
   47.0000    2.1339    0.7765    0.9305   -0.8098   -0.6871    0.1228    0.7519    0.0459    0.0666
   47.5000    2.1461    0.7765    0.9305   -0.8098   -0.6858    0.1241    0.7519    0.0459    0.0666
   48.0000    2.1583    0.7765    0.9305   -0.8098   -0.6845    0.1254    0.7519    0.0459    0.0666
   48.5000    2.1705    0.7765    0.9305   -0.8098   -0.6831    0.1267    0.7519    0.0459    0.0666
   49.0000    2.1827    0.7765    0.9305   -0.8098   -0.6818    0.1280    0.7519    0.0459    0.0666
   49.5000    2.1949    0.7765    0.9305   -0.8098   -0.6805    0.1293    0.7519    0.0459    0.0666
   50.0000    2.2070    0.7765    0.9305   -0.8098   -0.6792    0.1306    0.7519    0.0459    0.0666
   50.5000    2.2192    0.7765    0.9305   -0.8098   -0.6779    0.1319    0.7519    0.0459    0.0666
   51.0000    2.2314    0.7765    0.9305   -0.8098   -0.6766    0.1332    0.7519    0.0459    0.0666
   51.5000    2.2436    0.7765    0.9305   -0.8098   -0.6753    0.1345    0.7519    0.0459    0.0666
   52.0000    2.2558    0.7765    0.9305   -0.8098   -0.6740    0.1358    0.7519    0.0459    0.0666
   52.5000    2.2680    0.7765    0.9305   -0.8098   -0.6727    0.1372    0.7519    0.0459    0.0666
   53.0000    2.2802    0.7765    0.9305   -0.8098   -0.6714    0.1385    0.7519    0.0459    0.0666
   53.5000    2.2923    0.7765    0.9305   -0.8098   -0.6701    0.1398    0.7519    0.0459    0.0666
   54.0000    2.3045    0.7765    0.9305   -0.8098   -0.6688    0.1411    0.7519    0.0459    0.0666
   54.5000    2.3167    0.7765    0.9305   -0.8098   -0.6675    0.1424    0.7519    0.0459    0.0666
   55.0000    2.3289    0.7765    0.9305   -0.8098   -0.6662    0.1437    0.7519    0.0459    0.0666
   55.5000    2.3411    0.7765    0.9305   -0.8098   -0.6649    0.1450    0.7519    0.0459    0.0666
   56.0000    2.3533    0.7765    0.9305   -0.8098   -0.6636    0.1463    0.7519    0.0459    0.0666
   56.5000    2.3655    0.7765    0.9305   -0.8098   -0.6622    0.1476    0.7519    0.0459    0.0666
   57.0000    2.3776    0.7765    0.9305   -0.8098   -0.6609    0.1489    0.7519    0.0459    0.0666
   57.5000    2.3898    0.7765    0.9305   -0.8098   -0.6596    0.1502    0.7519    0.0459    0.0666
   58.0000    2.4020    0.7765    0.9305   -0.8098   -0.6583    0.1515    0.7519    0.0459    0.0666
   58.5000    2.4142    0.7765    0.9305   -0.8098   -0.6570    0.1528    0.7519    0.0459    0.0666
   59.0000    2.4264    0.7765    0.9305   -0.8098   -0.6557    0.1541    0.7519    0.0459    0.0666
   59.5000    2.4386    0.7765    0.9305   -0.8098   -0.6544    0.1554    0.7519    0.0459    0.0666
   60.0000    2.4508    0.7765    0.9305   -0.8098   -0.6531    0.1567    0.7519    0.0459    0.0666
   60.5000    2.4629    0.7765    0.9305   -0.8098   -0.6518    0.1581    0.7519    0.0459    0.0666
   61.0000    2.4751    0.7765    0.9305   -0.8098   -0.6505    0.1594    0.7519    0.0459    0.0666
   61.5000    2.4873    0.7765    0.9305   -0.8098   -0.6492    0.1607    0.7519    0.0459    0.0666
   62.0000    2.4995    0.7765    0.9305   -0.8098   -0.6479    0.1620    0.7519    0.0459    0.0666
   62.5000    2.5117    0.7765    0.9305   -0.8098   -0.6466    0.1633    0.7519    0.0459    0.0666
   63.0000    2.5239    0.7765    0.9305   -0.8098   -0.6453    0.1646    0.7519    0.0459    0.0666
   63.5000    2.5361    0.7765    0.9305   -0.8098   -0.6440    0.1659    0.7519    0.0459    0.0666
   64.0000    2.5482    0.7765    0.9305   -0.8098   -0.6427    0.1672    0.7519    0.0459    0.0666
   64.5000    2.5604    0.7765    0.9305   -0.8098   -0.6413    0.1685    0.7519    0.0459    0.0666
   65.0000    2.5726    0.7765    0.9305   -0.8098   -0.6400    0.1698    0.7519    0.0459    0.0666
   65.5000    2.5848    0.7765    0.9305   -0.8098   -0.6387    0.1711    0.7519    0.0459    0.0666
   66.0000    2.5970    0.7765    0.9305   -0.8098   -0.6374    0.1724    0.7519    0.0459    0.0666
   66.5000    2.6092    0.7765    0.9305   -0.8098   -0.6361    0.1737    0.7519    0.0459    0.0666
   67.0000    2.6213    0.7765    0.9305   -0.8098   -0.6348    0.1750    0.7519    0.0459    0.0666
   67.5000    2.6335    0.7765    0.9305   -0.8098   -0.6335    0.1763    0.7519    0.0459    0.0666
   68.0000    2.6457    0.7765    0.9305   -0.8098   -0.6322    0.1776    0.7519    0.0459    0.0666
   68.5000    2.6579    0.7765    0.9305   -0.8098   -0.6309    0.1790    0.7519    0.0459    0.0666
   69.0000    2.6701    0.7765    0.9305   -0.8098   -0.6296    0.1803    0.7519    0.0459    0.0666
   69.5000    2.6823    0.7765    0.9305   -0.8098   -0.6283    0.1816    0.7519    0.0459    0.0666
   70.0000    2.6945    0.7765    0.9305   -0.8098   -0.6270    0.1829    0.7519    0.0459    0.0666
   70.5000    2.7066    0.7765    0.9305   -0.8098   -0.6257    0.1842    0.7519    0.0459    0.0666
   71.0000    2.7188    0.7765    0.9305   -0.8098   -0.6244    0.1855    0.7519    0.0459    0.0666
   71.5000    2.7310    0.7765    0.9305   -0.8098   -0.6231    0.1868    0.7519    0.0459    0.0666
   72.0000    2.7432    0.7765    0.9305   -0.8098   -0.6218    0.1881    0.7519    0.0459    0.0666
   72.5000    2.7554    0.7765    0.9305   -0.8098   -0.6204    0.1894    0.7519    0.0459    0.0666
   73.0000    2.7676    0.7765    0.9305   -0.8098   -0.6191    0.1907    0.7519    0.0459    0.0666
   73.5000    2.7798    0.7765    0.9305   -0.8098   -0.6178    0.1920    0.7519    0.0459    0.0666
   74.0000    2.7919    0.7765    0.9305   -0.8098   -0.6165    0.1933    0.7519    0.0459    0.0666
   74.5000    2.8041    0.7765    0.9305   -0.8098   -0.6152    0.1946    0.7519    0.0459    0.0666
   75.0000    2.8163    0.7765    0.9305   -0.8098   -0.6139    0.1959    0.7519    0.0459    0.0666
   75.5000    2.8285    0.7765    0.9305   -0.8098   -0.6126    0.1972    0.7519    0.0459    0.0666
   76.0000    2.8407    0.7765    0.9305   -0.8098   -0.6113    0.1985    0.7519    0.0459    0.0666
   76.5000    2.8529    0.7765    0.9305   -0.8098   -0.6100    0.1998    0.7519    0.0459    0.0666
   77.0000    2.8651    0.7765    0.9305   -0.8098   -0.6087    0.2012    0.7519    0.0459    0.0666
   77.5000    2.8772    0.7765    0.9305   -0.8098   -0.6074    0.2025    0.7519    0.0459    0.0666
   78.0000    2.8894    0.7765    0.9305   -0.8098   -0.6061    0.2038    0.7519    0.0459    0.0666
   78.5000    2.9016    0.7765    0.9305   -0.8098   -0.6048    0.2051    0.7519    0.0459    0.0666
   79.0000    2.9138    0.7765    0.9305   -0.8098   -0.6035    0.2064    0.7519    0.0459    0.0666
   79.5000    2.9260    0.7765    0.9305   -0.8098   -0.6022    0.2077    0.7519    0.0459    0.0666
   80.0000    2.9382    0.7765    0.9305   -0.8098   -0.6009    0.2090    0.7519    0.0459    0.0666
   80.5000    2.9504    0.7765    0.9305   -0.8098   -0.5995    0.2103    0.7519    0.0459    0.0666
   81.0000    2.9625    0.7765    0.9305   -0.8098   -0.5982    0.2116    0.7519    0.0459    0.0666
   81.5000    2.9747    0.7765    0.9305   -0.8098   -0.5969    0.2129    0.7519    0.0459    0.0666
   82.0000    2.9869    0.7765    0.9305   -0.8098   -0.5956    0.2142    0.7519    0.0459    0.0666
   82.5000    2.9991    0.7765    0.9305   -0.8098   -0.5943    0.2155    0.7519    0.0459    0.0666
   83.0000    3.0113    0.7765    0.9305   -0.8098   -0.5930    0.2168    0.7519    0.0459    0.0666
   83.5000    3.0235    0.7765    0.9305   -0.8098   -0.5917    0.2181    0.7519    0.0459    0.0666
   84.0000    3.0357    0.7765    0.9305   -0.8098   -0.5904    0.2194    0.7519    0.0459    0.0666
   84.5000    3.0478    0.7765    0.9305   -0.8098   -0.5891    0.2207    0.7519    0.0459    0.0666
   85.0000    3.0600    0.7765    0.9305   -0.8098   -0.5878    0.2221    0.7519    0.0459    0.0666
   85.5000    3.0722    0.7765    0.9305   -0.8098   -0.5865    0.2234    0.7519    0.0459    0.0666
   86.0000    3.0844    0.7765    0.9305   -0.8098   -0.5852    0.2247    0.7519    0.0459    0.0666
   86.5000    3.0966    0.7765    0.9305   -0.8098   -0.5839    0.2260    0.7519    0.0459    0.0666
   87.0000    3.1088    0.7765    0.9305   -0.8098   -0.5826    0.2273    0.7519    0.0459    0.0666
   87.5000    3.1209    0.7765    0.9305   -0.8098   -0.5813    0.2286    0.7519    0.0459    0.0666
   88.0000    3.1331    0.7765    0.9305   -0.8098   -0.5800    0.2299    0.7519    0.0459    0.0666
   88.5000    3.1453    0.7765    0.9305   -0.8098   -0.5786    0.2312    0.7519    0.0459    0.0666
   89.0000    3.1575    0.7765    0.9305   -0.8098   -0.5773    0.2325    0.7519    0.0459    0.0666
   89.5000    3.1697    0.7765    0.9305   -0.8098   -0.5760    0.2338    0.7519    0.0459    0.0666
   90.0000    3.1819    0.7765    0.9305   -0.8098   -0.5747    0.2351    0.7519    0.0459    0.0666
   90.5000    3.1941    0.7765    0.9305   -0.8098   -0.5734    0.2364    0.7519    0.0459    0.0666
   91.0000    3.2062    0.7765    0.9305   -0.8098   -0.5721    0.2377    0.7519    0.0459    0.0666
   91.5000    3.2184    0.7765    0.9305   -0.8098   -0.5708    0.2390    0.7519    0.0459    0.0666
   92.0000    3.2306    0.7765    0.9305   -0.8098   -0.5695    0.2403    0.7519    0.0459    0.0666
   92.5000    3.2428    0.7765    0.9305   -0.8098   -0.5682    0.2416    0.7519    0.0459    0.0666
   93.0000    3.2550    0.7765    0.9305   -0.8098   -0.5669    0.2430    0.7519    0.0459    0.0666
   93.5000    3.2672    0.7765    0.9305   -0.8098   -0.5656    0.2443    0.7519    0.0459    0.0666
   94.0000    3.2794    0.7765    0.9305   -0.8098   -0.5643    0.2456    0.7519    0.0459    0.0666
   94.5000    3.2915    0.7765    0.9305   -0.8098   -0.5630    0.2469    0.7519    0.0459    0.0666
   95.0000    3.3037    0.7765    0.9305   -0.8098   -0.5617    0.2482    0.7519    0.0459    0.0666
   95.5000    3.3159    0.7765    0.9305   -0.8098   -0.5604    0.2495    0.7519    0.0459    0.0666
   96.0000    3.3281    0.7765    0.9305   -0.8098   -0.5591    0.2508    0.7519    0.0459    0.0666
   96.5000    3.3403    0.7765    0.9305   -0.8098   -0.5578    0.2521    0.7519    0.0459    0.0666
   97.0000    3.3525    0.7765    0.9305   -0.8098   -0.5564    0.2534    0.7519    0.0459    0.0666
   97.5000    3.3647    0.7765    0.9305   -0.8098   -0.5551    0.2547    0.7519    0.0459    0.0666
   98.0000    3.3768    0.7765    0.9305   -0.8098   -0.5538    0.2560    0.7519    0.0459    0.0666
   98.5000    3.3890    0.7765    0.9305   -0.8098   -0.5525    0.2573    0.7519    0.0459    0.0666
   99.0000    3.4012    0.7765    0.9305   -0.8098   -0.5512    0.2586    0.7519    0.0459    0.0666
   99.5000    3.4134    0.7765    0.9305   -0.8098   -0.5499    0.2599    0.7519    0.0459    0.0666
  100.0000    1.0000    0.7765    0.9305   -0.8098   -0.8098    0.0000    0.7519    0.0459    0.0666
