         t         y         k       L_H       L_L       c_H       c_L       V_H       V_L      V_HL
    0.0000    0.0497    0.1249    0.2292    0.6389    0.0310    0.0143 1041.2533  963.6729    1.1690
    0.5000    0.0462    0.1249    0.1950    0.5748    0.0313    0.0144 1043.1631  965.4405    1.1690
    1.0000    0.0458    0.1249    0.1941    0.5721    0.0317    0.0146 1045.0775  967.2122    1.1690
    1.5000    0.0449    0.1249    0.1949    0.5456    0.0320    0.0148 1046.9763  968.9696    1.1690
    2.0000    0.0445    0.1249    0.1924    0.5430    0.0323    0.0149 1048.8471  970.7010    1.1690
    2.5000    0.0443    0.1249    0.1914    0.5464    0.0326    0.0150 1050.6893  972.4059    1.1690
    3.0000    0.0438    0.1249    0.1941    0.5347    0.0329    0.0152 1052.4953  974.0773    1.1690
    3.5000    0.0437    0.1249    0.1932    0.5404    0.0332    0.0153 1054.2667  975.7168    1.1690
    4.0000    0.0436    0.1249    0.1921    0.5456    0.0335    0.0154 1055.9896  977.3113    1.1690
    4.5000    0.0435    0.1249    0.1911    0.5513    0.0338    0.0156 1057.6655  978.8624    1.1690
    5.0000    0.0436    0.1249    0.1935    0.5631    0.0341    0.0157 1059.2881  980.3640    1.1690
    5.5000    0.0430    0.1249    0.1913    0.5504    0.0343    0.0158 1060.8625  981.8212    1.1690
    6.0000    0.0425    0.1249    0.1940    0.5370    0.0345    0.0159 1062.4240  983.2663    1.1690
    6.5000    0.0423    0.1249    0.1929    0.5418    0.0348    0.0160 1063.9781  984.7046    1.1690
    7.0000    0.0424    0.1249    0.1949    0.5522    0.0350    0.0161 1065.5223  986.1337    1.1690
    7.5000    0.0421    0.1249    0.2003    0.5408    0.0353    0.0163 1067.0475  987.5453    1.1690
    8.0000    0.0414    0.1249    0.1960    0.5296    0.0355    0.0164 1068.5547  988.9402    1.1690
    8.5000    0.0410    0.1248    0.1985    0.5225    0.0357    0.0164 1070.0410  990.3158    1.1690
    9.0000    0.0408    0.1247    0.1973    0.5243    0.0359    0.0165 1071.5036  991.6694    1.1690
    9.5000    0.0406    0.1244    0.1957    0.5300    0.0360    0.0166 1072.9365  992.9956    1.1690
   10.0000    0.0402    0.1241    0.1986    0.5195    0.0362    0.0167 1074.3339  994.2888    1.1690
   10.5000    0.0400    0.1236    0.1968    0.5252    0.0364    0.0168 1075.6982  995.5515    1.1690
   11.0000    0.0397    0.1228    0.1951    0.5319    0.0365    0.0168 1077.0174  996.7724    1.1690
   11.5000    0.0395    0.1217    0.1939    0.5365    0.0367    0.0169 1078.2919  997.9519    1.1690
   12.0000    0.0389    0.1202    0.1959    0.5259    0.0368    0.0170 1079.5102  999.0795    1.1690
   12.5000    0.0385    0.1180    0.1944    0.5298    0.0369    0.0170 1080.6667 1000.1498    1.1690
   13.0000    0.0379    0.1149    0.1927    0.5332    0.0370    0.0171 1081.7389 1001.1421    1.1690
   13.5000    0.0371    0.1110    0.1944    0.5234    0.0371    0.0171 1082.7223 1002.0523    1.1690
   14.0000    0.0364    0.1067    0.1925    0.5274    0.0372    0.0172 1083.6109 1002.8746    1.1690
   14.5000    0.0358    0.1022    0.1906    0.5319    0.0373    0.0172 1084.3679 1003.5752    1.1690
   15.0000    0.0350    0.0981    0.1923    0.5226    0.0373    0.0172 1084.9994 1004.1597    1.1690
   15.5000    0.0346    0.0953    0.1905    0.5261    0.0374    0.0172 1085.5295 1004.6502    1.1690
   16.0000    0.0345    0.0944    0.1887    0.5315    0.0374    0.0172 1085.9954 1005.0815    1.1690
   16.5000    0.0344    0.0944    0.1909    0.5194    0.0374    0.0173 1086.4315 1005.4851    1.1690
   17.0000    0.0344    0.0944    0.1892    0.5253    0.0374    0.0173 1086.8516 1005.8739    1.1690
   17.5000    0.0343    0.0944    0.1914    0.5135    0.0374    0.0172 1087.2469 1006.2397    1.1690
   18.0000    0.0345    0.0944    0.1911    0.5253    0.0374    0.0172 1087.6221 1006.5869    1.1690
   18.5000    0.0349    0.0944    0.1929    0.5408    0.0374    0.0172 1087.9234 1006.8659    1.1690
   19.0000    0.0353    0.0944    0.1995    0.5467    0.0373    0.0172 1088.1248 1007.0522    1.1690
   19.5000    0.0354    0.0944    0.1974    0.5541    0.0373    0.0172 1088.2403 1007.1591    1.1690
   20.0000    0.0357    0.0944    0.1955    0.5685    0.0372    0.0172 1088.3652 1007.2747    1.1690
   20.5000    0.0377    0.0944    0.2183    0.6272    0.0373    0.0172 1088.4843 1007.3849    1.1690
   21.0000    0.0377    0.0944    0.2183    0.6272    0.0373    0.0172 1088.4843 1007.3850    1.1690
   21.5000    0.0377    0.0944    0.2183    0.6272    0.0373    0.0172 1088.4844 1007.3850    1.1690
   22.0000    0.0377    0.0944    0.2183    0.6272    0.0373    0.0172 1088.4844 1007.3850    1.1690
   22.5000    0.0377    0.0944    0.2183    0.6272    0.0373    0.0172 1088.4844 1007.3850    1.1690
   23.0000    0.0377    0.0944    0.2183    0.6272    0.0373    0.0172 1088.4844 1007.3850    1.1690
   23.5000    0.0377    0.0944    0.2183    0.6272    0.0373    0.0172 1088.4844 1007.3850    1.1690
   24.0000    0.0377    0.0944    0.2183    0.6272    0.0373    0.0172 1088.4844 1007.3850    1.1690
   24.5000    0.0377    0.0944    0.2183    0.6272    0.0373    0.0172 1088.4844 1007.3850    1.1690
   25.0000    0.0377    0.0944    0.2183    0.6272    0.0373    0.0172 1088.4844 1007.3850    1.1690
   25.5000    0.0377    0.0944    0.2183    0.6272    0.0373    0.0172 1088.4844 1007.3850    1.1690
   26.0000    0.0377    0.0944    0.2183    0.6272    0.0373    0.0172 1088.4844 1007.3850    1.1690
   26.5000    0.0377    0.0944    0.2183    0.6272    0.0373    0.0172 1088.4844 1007.3850    1.1690
   27.0000    0.0377    0.0944    0.2183    0.6272    0.0373    0.0172 1088.4844 1007.3850    1.1690
   27.5000    0.0377    0.0944    0.2183    0.6272    0.0373    0.0172 1088.4844 1007.3850    1.1690
   28.0000    0.0377    0.0944    0.2183    0.6272    0.0373    0.0172 1088.4844 1007.3850    1.1690
   28.5000    0.0377    0.0944    0.2183    0.6272    0.0373    0.0172 1088.4844 1007.3850    1.1690
   29.0000    0.0377    0.0944    0.2183    0.6272    0.0373    0.0172 1088.4844 1007.3850    1.1690
   29.5000    0.0377    0.0944    0.2183    0.6272    0.0373    0.0172 1088.4844 1007.3850    1.1690
   30.0000    0.0377    0.0944    0.2183    0.6272    0.0373    0.0172 1088.4844 1007.3850    1.1690
   30.5000    0.0377    0.0944    0.2183    0.6272    0.0373    0.0172 1088.4844 1007.3850    1.1690
   31.0000    0.0377    0.0944    0.2183    0.6272    0.0373    0.0172 1088.4844 1007.3850    1.1690
   31.5000    0.0377    0.0944    0.2183    0.6272    0.0373    0.0172 1088.4844 1007.3850    1.1690
   32.0000    0.0377    0.0944    0.2183    0.6272    0.0373    0.0172 1088.4844 1007.3850    1.1690
   32.5000    0.0377    0.0944    0.2183    0.6272    0.0373    0.0172 1088.4844 1007.3850    1.1690
   33.0000    0.0377    0.0944    0.2183    0.6272    0.0373    0.0172 1088.4844 1007.3850    1.1690
   33.5000    0.0377    0.0944    0.2183    0.6272    0.0373    0.0172 1088.4844 1007.3850    1.1690
   34.0000    0.0377    0.0944    0.2183    0.6272    0.0373    0.0172 1088.4844 1007.3850    1.1690
   34.5000    0.0377    0.0944    0.2183    0.6272    0.0373    0.0172 1088.4844 1007.3850    1.1690
   35.0000    0.0377    0.0944    0.2183    0.6272    0.0373    0.0172 1088.4844 1007.3850    1.1690
   35.5000    0.0377    0.0944    0.2183    0.6272    0.0373    0.0172 1088.4844 1007.3850    1.1690
   36.0000    0.0377    0.0944    0.2183    0.6272    0.0373    0.0172 1088.4844 1007.3850    1.1690
   36.5000    0.0377    0.0944    0.2183    0.6272    0.0373    0.0172 1088.4844 1007.3850    1.1690
   37.0000    0.0377    0.0944    0.2183    0.6272    0.0373    0.0172 1088.4844 1007.3850    1.1690
   37.5000    0.0377    0.0944    0.2183    0.6272    0.0373    0.0172 1088.4844 1007.3850    1.1690
   38.0000    0.0377    0.0944    0.2183    0.6272    0.0373    0.0172 1088.4844 1007.3850    1.1690
   38.5000    0.0377    0.0944    0.2183    0.6272    0.0373    0.0172 1088.4844 1007.3850    1.1690
   39.0000    0.0377    0.0944    0.2183    0.6272    0.0373    0.0172 1088.4844 1007.3850    1.1690
   39.5000    0.0377    0.0944    0.2183    0.6272    0.0373    0.0172 1088.4844 1007.3850    1.1690
   40.0000    0.0377    0.0944    0.2183    0.6272    0.0373    0.0172 1088.4844 1007.3850    1.1690
   40.5000    0.0377    0.0944    0.2183    0.6272    0.0373    0.0172 1088.4844 1007.3850    1.1690
   41.0000    0.0377    0.0944    0.2183    0.6272    0.0373    0.0172 1088.4844 1007.3850    1.1690
   41.5000    0.0377    0.0944    0.2183    0.6272    0.0373    0.0172 1088.4844 1007.3850    1.1690
   42.0000    0.0377    0.0944    0.2183    0.6272    0.0373    0.0172 1088.4844 1007.3850    1.1690
   42.5000    0.0377    0.0944    0.2183    0.6272    0.0373    0.0172 1088.4844 1007.3850    1.1690
   43.0000    0.0377    0.0944    0.2183    0.6272    0.0373    0.0172 1088.4844 1007.3850    1.1690
   43.5000    0.0377    0.0944    0.2183    0.6272    0.0373    0.0172 1088.4844 1007.3850    1.1690
   44.0000    0.0377    0.0944    0.2183    0.6272    0.0373    0.0172 1088.4844 1007.3850    1.1690
   44.5000    0.0377    0.0944    0.2183    0.6272    0.0373    0.0172 1088.4844 1007.3850    1.1690
   45.0000    0.0377    0.0944    0.2183    0.6272    0.0373    0.0172 1088.4844 1007.3850    1.1690
   45.5000    0.0377    0.0944    0.2183    0.6272    0.0373    0.0172 1088.4844 1007.3850    1.1690
   46.0000    0.0377    0.0944    0.2183    0.6272    0.0373    0.0172 1088.4844 1007.3850    1.1690
   46.5000    0.0377    0.0944    0.2183    0.6272    0.0373    0.0172 1088.4844 1007.3850    1.1690
   47.0000    0.0377    0.0944    0.2183    0.6272    0.0373    0.0172 1088.4844 1007.3850    1.1690
   47.5000    0.0377    0.0944    0.2183    0.6272    0.0373    0.0172 1088.4844 1007.3850    1.1690
   48.0000    0.0377    0.0944    0.2183    0.6272    0.0373    0.0172 1088.4844 1007.3850    1.1690
   48.5000    0.0377    0.0944    0.2183    0.6272    0.0373    0.0172 1088.4844 1007.3850    1.1690
   49.0000    0.0377    0.0944    0.2183    0.6272    0.0373    0.0172 1088.4844 1007.3850    1.1690
   49.5000    0.0377    0.0944    0.2183    0.6272    0.0373    0.0172 1088.4844 1007.3850    1.1690
   50.0000    0.0377    0.0944    0.2183    0.6272    0.0373    0.0172 1088.4844 1007.3850    1.1690
   50.5000    0.0377    0.0944    0.2183    0.6272    0.0373    0.0172 1088.4844 1007.3850    1.1690
   51.0000    0.0377    0.0944    0.2183    0.6272    0.0373    0.0172 1088.4844 1007.3850    1.1690
   51.5000    0.0377    0.0944    0.2183    0.6272    0.0373    0.0172 1088.4844 1007.3850    1.1690
   52.0000    0.0377    0.0944    0.2183    0.6272    0.0373    0.0172 1088.4844 1007.3850    1.1690
   52.5000    0.0377    0.0944    0.2183    0.6272    0.0373    0.0172 1088.4844 1007.3850    1.1690
   53.0000    0.0377    0.0944    0.2183    0.6272    0.0373    0.0172 1088.4844 1007.3850    1.1690
   53.5000    0.0377    0.0944    0.2183    0.6272    0.0373    0.0172 1088.4844 1007.3850    1.1690
   54.0000    0.0377    0.0944    0.2183    0.6272    0.0373    0.0172 1088.4844 1007.3850    1.1690
   54.5000    0.0377    0.0944    0.2183    0.6272    0.0373    0.0172 1088.4844 1007.3850    1.1690
   55.0000    0.0377    0.0944    0.2183    0.6272    0.0373    0.0172 1088.4844 1007.3850    1.1690
   55.5000    0.0377    0.0944    0.2183    0.6272    0.0373    0.0172 1088.4844 1007.3850    1.1690
   56.0000    0.0377    0.0944    0.2183    0.6272    0.0373    0.0172 1088.4844 1007.3850    1.1690
   56.5000    0.0377    0.0944    0.2183    0.6272    0.0373    0.0172 1088.4844 1007.3850    1.1690
   57.0000    0.0377    0.0944    0.2183    0.6272    0.0373    0.0172 1088.4844 1007.3850    1.1690
   57.5000    0.0377    0.0944    0.2183    0.6272    0.0373    0.0172 1088.4844 1007.3850    1.1690
   58.0000    0.0377    0.0944    0.2183    0.6272    0.0373    0.0172 1088.4844 1007.3850    1.1690
   58.5000    0.0377    0.0944    0.2183    0.6272    0.0373    0.0172 1088.4844 1007.3850    1.1690
   59.0000    0.0377    0.0944    0.2183    0.6272    0.0373    0.0172 1088.4844 1007.3850    1.1690
   59.5000    0.0377    0.0944    0.2183    0.6272    0.0373    0.0172 1088.4844 1007.3850    1.1690
   60.0000    0.0377    0.0944    0.2183    0.6272    0.0373    0.0172 1088.4844 1007.3850    1.1690
   60.5000    0.0377    0.0944    0.2183    0.6272    0.0373    0.0172 1088.4844 1007.3850    1.1690
   61.0000    0.0377    0.0944    0.2183    0.6272    0.0373    0.0172 1088.4844 1007.3850    1.1690
   61.5000    0.0377    0.0944    0.2183    0.6272    0.0373    0.0172 1088.4844 1007.3850    1.1690
   62.0000    0.0377    0.0944    0.2183    0.6272    0.0373    0.0172 1088.4844 1007.3850    1.1690
   62.5000    0.0377    0.0944    0.2183    0.6272    0.0373    0.0172 1088.4844 1007.3850    1.1690
   63.0000    0.0377    0.0944    0.2183    0.6272    0.0373    0.0172 1088.4844 1007.3850    1.1690
   63.5000    0.0377    0.0944    0.2183    0.6272    0.0373    0.0172 1088.4844 1007.3850    1.1690
   64.0000    0.0377    0.0944    0.2183    0.6272    0.0373    0.0172 1088.4844 1007.3850    1.1690
   64.5000    0.0377    0.0944    0.2183    0.6272    0.0373    0.0172 1088.4844 1007.3850    1.1690
   65.0000    0.0377    0.0944    0.2183    0.6272    0.0373    0.0172 1088.4844 1007.3850    1.1690
   65.5000    0.0377    0.0944    0.2183    0.6272    0.0373    0.0172 1088.4844 1007.3850    1.1690
   66.0000    0.0377    0.0944    0.2183    0.6272    0.0373    0.0172 1088.4844 1007.3850    1.1690
   66.5000    0.0377    0.0944    0.2183    0.6272    0.0373    0.0172 1088.4844 1007.3850    1.1690
   67.0000    0.0377    0.0944    0.2183    0.6272    0.0373    0.0172 1088.4844 1007.3850    1.1690
   67.5000    0.0377    0.0944    0.2183    0.6272    0.0373    0.0172 1088.4844 1007.3850    1.1690
   68.0000    0.0377    0.0944    0.2183    0.6272    0.0373    0.0172 1088.4844 1007.3850    1.1690
   68.5000    0.0377    0.0944    0.2183    0.6272    0.0373    0.0172 1088.4844 1007.3850    1.1690
   69.0000    0.0377    0.0944    0.2183    0.6272    0.0373    0.0172 1088.4844 1007.3850    1.1690
   69.5000    0.0377    0.0944    0.2183    0.6272    0.0373    0.0172 1088.4844 1007.3850    1.1690
   70.0000    0.0377    0.0944    0.2183    0.6272    0.0373    0.0172 1088.4844 1007.3850    1.1690
   70.5000    0.0377    0.0944    0.2183    0.6272    0.0373    0.0172 1088.4844 1007.3850    1.1690
   71.0000    0.0377    0.0944    0.2183    0.6272    0.0373    0.0172 1088.4844 1007.3850    1.1690
   71.5000    0.0377    0.0944    0.2183    0.6272    0.0373    0.0172 1088.4844 1007.3850    1.1690
   72.0000    0.0377    0.0944    0.2183    0.6272    0.0373    0.0172 1088.4844 1007.3850    1.1690
   72.5000    0.0377    0.0944    0.2183    0.6272    0.0373    0.0172 1088.4844 1007.3850    1.1690
   73.0000    0.0377    0.0944    0.2183    0.6272    0.0373    0.0172 1088.4844 1007.3850    1.1690
   73.5000    0.0377    0.0944    0.2183    0.6272    0.0373    0.0172 1088.4844 1007.3850    1.1690
   74.0000    0.0377    0.0944    0.2183    0.6272    0.0373    0.0172 1088.4844 1007.3850    1.1690
   74.5000    0.0377    0.0944    0.2183    0.6272    0.0373    0.0172 1088.4844 1007.3850    1.1690
   75.0000    0.0377    0.0944    0.2183    0.6272    0.0373    0.0172 1088.4844 1007.3850    1.1690
   75.5000    0.0377    0.0944    0.2183    0.6272    0.0373    0.0172 1088.4844 1007.3850    1.1690
   76.0000    0.0377    0.0944    0.2183    0.6272    0.0373    0.0172 1088.4844 1007.3850    1.1690
   76.5000    0.0377    0.0944    0.2183    0.6272    0.0373    0.0172 1088.4844 1007.3850    1.1690
   77.0000    0.0377    0.0944    0.2183    0.6272    0.0373    0.0172 1088.4844 1007.3850    1.1690
   77.5000    0.0377    0.0944    0.2183    0.6272    0.0373    0.0172 1088.4844 1007.3850    1.1690
   78.0000    0.0377    0.0944    0.2183    0.6272    0.0373    0.0172 1088.4844 1007.3850    1.1690
   78.5000    0.0377    0.0944    0.2183    0.6272    0.0373    0.0172 1088.4844 1007.3850    1.1690
   79.0000    0.0377    0.0944    0.2183    0.6272    0.0373    0.0172 1088.4844 1007.3850    1.1690
   79.5000    0.0377    0.0944    0.2183    0.6272    0.0373    0.0172 1088.4844 1007.3850    1.1690
   80.0000    0.0377    0.0944    0.2183    0.6272    0.0373    0.0172 1088.4844 1007.3850    1.1690
   80.5000    0.0377    0.0944    0.2183    0.6272    0.0373    0.0172 1088.4844 1007.3850    1.1690
   81.0000    0.0377    0.0944    0.2183    0.6272    0.0373    0.0172 1088.4844 1007.3850    1.1690
   81.5000    0.0377    0.0944    0.2183    0.6272    0.0373    0.0172 1088.4844 1007.3850    1.1690
   82.0000    0.0377    0.0944    0.2183    0.6272    0.0373    0.0172 1088.4844 1007.3850    1.1690
   82.5000    0.0377    0.0944    0.2183    0.6272    0.0373    0.0172 1088.4844 1007.3850    1.1690
   83.0000    0.0377    0.0944    0.2183    0.6272    0.0373    0.0172 1088.4844 1007.3850    1.1690
   83.5000    0.0377    0.0944    0.2183    0.6272    0.0373    0.0172 1088.4844 1007.3850    1.1690
   84.0000    0.0377    0.0944    0.2183    0.6272    0.0373    0.0172 1088.4844 1007.3850    1.1690
   84.5000    0.0377    0.0944    0.2183    0.6272    0.0373    0.0172 1088.4844 1007.3850    1.1690
   85.0000    0.0377    0.0944    0.2183    0.6272    0.0373    0.0172 1088.4844 1007.3850    1.1690
   85.5000    0.0377    0.0944    0.2183    0.6272    0.0373    0.0172 1088.4844 1007.3850    1.1690
   86.0000    0.0377    0.0944    0.2183    0.6272    0.0373    0.0172 1088.4844 1007.3850    1.1690
   86.5000    0.0377    0.0944    0.2183    0.6272    0.0373    0.0172 1088.4844 1007.3850    1.1690
   87.0000    0.0377    0.0944    0.2183    0.6272    0.0373    0.0172 1088.4844 1007.3850    1.1690
   87.5000    0.0377    0.0944    0.2183    0.6272    0.0373    0.0172 1088.4844 1007.3850    1.1690
   88.0000    0.0377    0.0944    0.2183    0.6272    0.0373    0.0172 1088.4844 1007.3850    1.1690
   88.5000    0.0377    0.0944    0.2183    0.6272    0.0373    0.0172 1088.4844 1007.3850    1.1690
   89.0000    0.0377    0.0944    0.2183    0.6272    0.0373    0.0172 1088.4844 1007.3850    1.1690
   89.5000    0.0377    0.0944    0.2183    0.6272    0.0373    0.0172 1088.4844 1007.3850    1.1690
   90.0000    0.0377    0.0944    0.2183    0.6272    0.0373    0.0172 1088.4844 1007.3850    1.1690
   90.5000    0.0377    0.0944    0.2183    0.6272    0.0373    0.0172 1088.4844 1007.3850    1.1690
   91.0000    0.0377    0.0944    0.2183    0.6272    0.0373    0.0172 1088.4844 1007.3850    1.1690
   91.5000    0.0377    0.0944    0.2183    0.6272    0.0373    0.0172 1088.4844 1007.3850    1.1690
   92.0000    0.0377    0.0944    0.2183    0.6272    0.0373    0.0172 1088.4844 1007.3850    1.1690
   92.5000    0.0377    0.0944    0.2183    0.6272    0.0373    0.0172 1088.4844 1007.3850    1.1690
   93.0000    0.0377    0.0944    0.2183    0.6272    0.0373    0.0172 1088.4844 1007.3850    1.1690
   93.5000    0.0377    0.0944    0.2183    0.6272    0.0373    0.0172 1088.4844 1007.3850    1.1690
   94.0000    0.0377    0.0944    0.2183    0.6272    0.0373    0.0172 1088.4844 1007.3850    1.1690
   94.5000    0.0377    0.0944    0.2183    0.6272    0.0373    0.0172 1088.4844 1007.3850    1.1690
   95.0000    0.0377    0.0944    0.2183    0.6272    0.0373    0.0172 1088.4844 1007.3850    1.1690
   95.5000    0.0377    0.0944    0.2183    0.6272    0.0373    0.0172 1088.4844 1007.3850    1.1690
   96.0000    0.0377    0.0944    0.2183    0.6272    0.0373    0.0172 1088.4844 1007.3850    1.1690
   96.5000    0.0377    0.0944    0.2183    0.6272    0.0373    0.0172 1088.4844 1007.3850    1.1690
   97.0000    0.0377    0.0944    0.2183    0.6272    0.0373    0.0172 1088.4844 1007.3850    1.1690
   97.5000    0.0377    0.0944    0.2183    0.6272    0.0373    0.0172 1088.4844 1007.3850    1.1690
   98.0000    0.0377    0.0944    0.2183    0.6272    0.0373    0.0172 1088.4844 1007.3850    1.1690
   98.5000    0.0377    0.0944    0.2183    0.6272    0.0373    0.0172 1088.4844 1007.3850    1.1690
   99.0000    0.0377    0.0944    0.2183    0.6272    0.0373    0.0172 1088.4844 1007.3850    1.1690
   99.5000    0.0377    0.0944    0.2183    0.6272    0.0373    0.0172 1088.4844 1007.3850    1.1690
  100.0000    0.0377    0.0944    0.2183    0.6272    0.0373    0.0172 1088.4844 1007.3850    1.1690
