         t         y         k       L_H       L_L       c_H       c_L       V_H       V_L      V_HL
    0.0000    0.0497    0.1249    0.2292    0.6389    0.0377    0.0181 1134.8275 1054.3453    1.0867
    0.5000    0.0494    0.1249    0.2292    0.6389    0.0376    0.0180 1135.1291 1054.6254    1.0867
    1.0000    0.0490    0.1246    0.2292    0.6389    0.0374    0.0179 1135.4967 1054.9670    1.0867
    1.5000    0.0485    0.1240    0.2292    0.6389    0.0374    0.0179 1135.9313 1055.3708    1.0867
    2.0000    0.0478    0.1226    0.2292    0.6389    0.0373    0.0179 1136.3896 1055.7965    1.0867
    2.5000    0.0468    0.1203    0.2292    0.6389    0.0373    0.0179 1136.8340 1056.2094    1.0867
    3.0000    0.0456    0.1170    0.2292    0.6389    0.0372    0.0178 1137.2094 1056.5582    1.0867
    3.5000    0.0443    0.1132    0.2292    0.6389    0.0372    0.0178 1137.4935 1056.8221    1.0867
    4.0000    0.0430    0.1092    0.2292    0.6389    0.0372    0.0178 1137.7061 1057.0197    1.0867
    4.5000    0.0417    0.1056    0.2292    0.6389    0.0372    0.0178 1137.8557 1057.1587    1.0867
    5.0000    0.0408    0.1026    0.2292    0.6389    0.0371    0.0178 1137.9620 1057.2574    1.0867
    5.5000    0.0400    0.1004    0.2292    0.6389    0.0371    0.0178 1138.0277 1057.3185    1.0867
    6.0000    0.0395    0.0990    0.2292    0.6389    0.0371    0.0178 1138.0636 1057.3519    1.0867
    6.5000    0.0392    0.0981    0.2292    0.6389    0.0371    0.0178 1138.0813 1057.3682    1.0867
    7.0000    0.0391    0.0976    0.2292    0.6389    0.0371    0.0178 1138.0910 1057.3773    1.0867
    7.5000    0.0390    0.0973    0.2292    0.6389    0.0371    0.0178 1138.0952 1057.3812    1.0867
    8.0000    0.0389    0.0972    0.2292    0.6389    0.0371    0.0178 1138.0965 1057.3824    1.0867
    8.5000    0.0389    0.0971    0.2292    0.6389    0.0371    0.0178 1138.0967 1057.3826    1.0867
    9.0000    0.0389    0.0971    0.2292    0.6389    0.0371    0.0178 1138.0967 1057.3826    1.0867
    9.5000    0.0389    0.0971    0.2292    0.6389    0.0371    0.0178 1138.0967 1057.3826    1.0867
   10.0000    0.0389    0.0971    0.2292    0.6389    0.0371    0.0178 1138.0967 1057.3826    1.0867
   10.5000    0.0389    0.0971    0.2292    0.6389    0.0371    0.0178 1138.0967 1057.3826    1.0867
   11.0000    0.0389    0.0971    0.2292    0.6389    0.0371    0.0178 1138.0967 1057.3826    1.0867
   11.5000    0.0389    0.0971    0.2292    0.6389    0.0371    0.0178 1138.0967 1057.3826    1.0867
   12.0000    0.0389    0.0971    0.2292    0.6389    0.0371    0.0178 1138.0967 1057.3826    1.0867
   12.5000    0.0389    0.0971    0.2292    0.6389    0.0371    0.0178 1138.0967 1057.3826    1.0867
   13.0000    0.0389    0.0971    0.2292    0.6389    0.0371    0.0178 1138.0967 1057.3826    1.0867
   13.5000    0.0389    0.0971    0.2292    0.6389    0.0371    0.0178 1138.0967 1057.3826    1.0867
   14.0000    0.0389    0.0971    0.2292    0.6389    0.0371    0.0178 1138.0967 1057.3826    1.0867
   14.5000    0.0389    0.0971    0.2292    0.6389    0.0371    0.0178 1138.0967 1057.3826    1.0867
   15.0000    0.0389    0.0971    0.2292    0.6389    0.0371    0.0178 1138.0967 1057.3826    1.0867
   15.5000    0.0389    0.0971    0.2292    0.6389    0.0371    0.0178 1138.0967 1057.3826    1.0867
   16.0000    0.0389    0.0971    0.2292    0.6389    0.0371    0.0178 1138.0967 1057.3826    1.0867
   16.5000    0.0389    0.0971    0.2292    0.6389    0.0371    0.0178 1138.0967 1057.3826    1.0867
   17.0000    0.0389    0.0971    0.2292    0.6389    0.0371    0.0178 1138.0967 1057.3826    1.0867
   17.5000    0.0389    0.0971    0.2292    0.6389    0.0371    0.0178 1138.0967 1057.3826    1.0867
   18.0000    0.0389    0.0971    0.2292    0.6389    0.0371    0.0178 1138.0967 1057.3826    1.0867
   18.5000    0.0389    0.0971    0.2292    0.6389    0.0371    0.0178 1138.0967 1057.3826    1.0867
   19.0000    0.0389    0.0971    0.2292    0.6389    0.0371    0.0178 1138.0967 1057.3826    1.0867
   19.5000    0.0389    0.0971    0.2292    0.6389    0.0371    0.0178 1138.0967 1057.3826    1.0867
   20.0000    0.0389    0.0971    0.2292    0.6389    0.0371    0.0178 1138.0967 1057.3826    1.0867
   20.5000    0.0389    0.0971    0.2292    0.6389    0.0371    0.0178 1138.0967 1057.3826    1.0867
   21.0000    0.0389    0.0971    0.2292    0.6389    0.0371    0.0178 1138.0967 1057.3826    1.0867
   21.5000    0.0389    0.0971    0.2292    0.6389    0.0371    0.0178 1138.0967 1057.3826    1.0867
   22.0000    0.0389    0.0971    0.2292    0.6389    0.0371    0.0178 1138.0967 1057.3826    1.0867
   22.5000    0.0389    0.0971    0.2292    0.6389    0.0371    0.0178 1138.0967 1057.3826    1.0867
   23.0000    0.0389    0.0971    0.2292    0.6389    0.0371    0.0178 1138.0967 1057.3826    1.0867
   23.5000    0.0389    0.0971    0.2292    0.6389    0.0371    0.0178 1138.0967 1057.3826    1.0867
   24.0000    0.0389    0.0971    0.2292    0.6389    0.0371    0.0178 1138.0967 1057.3826    1.0867
   24.5000    0.0389    0.0971    0.2292    0.6389    0.0371    0.0178 1138.0967 1057.3826    1.0867
   25.0000    0.0389    0.0971    0.2292    0.6389    0.0371    0.0178 1138.0967 1057.3826    1.0867
   25.5000    0.0389    0.0971    0.2292    0.6389    0.0371    0.0178 1138.0967 1057.3826    1.0867
   26.0000    0.0389    0.0971    0.2292    0.6389    0.0371    0.0178 1138.0967 1057.3826    1.0867
   26.5000    0.0389    0.0971    0.2292    0.6389    0.0371    0.0178 1138.0967 1057.3826    1.0867
   27.0000    0.0389    0.0971    0.2292    0.6389    0.0371    0.0178 1138.0967 1057.3826    1.0867
   27.5000    0.0389    0.0971    0.2292    0.6389    0.0371    0.0178 1138.0967 1057.3826    1.0867
   28.0000    0.0389    0.0971    0.2292    0.6389    0.0371    0.0178 1138.0967 1057.3826    1.0867
   28.5000    0.0389    0.0971    0.2292    0.6389    0.0371    0.0178 1138.0967 1057.3826    1.0867
   29.0000    0.0389    0.0971    0.2292    0.6389    0.0371    0.0178 1138.0967 1057.3826    1.0867
   29.5000    0.0389    0.0971    0.2292    0.6389    0.0371    0.0178 1138.0967 1057.3826    1.0867
   30.0000    0.0389    0.0971    0.2292    0.6389    0.0371    0.0178 1138.0967 1057.3826    1.0867
   30.5000    0.0389    0.0971    0.2292    0.6389    0.0371    0.0178 1138.0967 1057.3826    1.0867
   31.0000    0.0389    0.0971    0.2292    0.6389    0.0371    0.0178 1138.0967 1057.3826    1.0867
   31.5000    0.0389    0.0971    0.2292    0.6389    0.0371    0.0178 1138.0967 1057.3826    1.0867
   32.0000    0.0389    0.0971    0.2292    0.6389    0.0371    0.0178 1138.0967 1057.3826    1.0867
   32.5000    0.0389    0.0971    0.2292    0.6389    0.0371    0.0178 1138.0967 1057.3826    1.0867
   33.0000    0.0389    0.0971    0.2292    0.6389    0.0371    0.0178 1138.0967 1057.3826    1.0867
   33.5000    0.0389    0.0971    0.2292    0.6389    0.0371    0.0178 1138.0967 1057.3826    1.0867
   34.0000    0.0389    0.0971    0.2292    0.6389    0.0371    0.0178 1138.0967 1057.3826    1.0867
   34.5000    0.0389    0.0971    0.2292    0.6389    0.0371    0.0178 1138.0967 1057.3826    1.0867
   35.0000    0.0389    0.0971    0.2292    0.6389    0.0371    0.0178 1138.0967 1057.3826    1.0867
   35.5000    0.0389    0.0971    0.2292    0.6389    0.0371    0.0178 1138.0967 1057.3826    1.0867
   36.0000    0.0389    0.0971    0.2292    0.6389    0.0371    0.0178 1138.0967 1057.3826    1.0867
   36.5000    0.0389    0.0971    0.2292    0.6389    0.0371    0.0178 1138.0967 1057.3826    1.0867
   37.0000    0.0389    0.0971    0.2292    0.6389    0.0371    0.0178 1138.0967 1057.3826    1.0867
   37.5000    0.0389    0.0971    0.2292    0.6389    0.0371    0.0178 1138.0967 1057.3826    1.0867
   38.0000    0.0389    0.0971    0.2292    0.6389    0.0371    0.0178 1138.0967 1057.3826    1.0867
   38.5000    0.0389    0.0971    0.2292    0.6389    0.0371    0.0178 1138.0967 1057.3826    1.0867
   39.0000    0.0389    0.0971    0.2292    0.6389    0.0371    0.0178 1138.0967 1057.3826    1.0867
   39.5000    0.0389    0.0971    0.2292    0.6389    0.0371    0.0178 1138.0967 1057.3826    1.0867
   40.0000    0.0389    0.0971    0.2292    0.6389    0.0371    0.0178 1138.0967 1057.3826    1.0867
   40.5000    0.0389    0.0971    0.2292    0.6389    0.0371    0.0178 1138.0967 1057.3826    1.0867
   41.0000    0.0389    0.0971    0.2292    0.6389    0.0371    0.0178 1138.0967 1057.3826    1.0867
   41.5000    0.0389    0.0971    0.2292    0.6389    0.0371    0.0178 1138.0967 1057.3826    1.0867
   42.0000    0.0389    0.0971    0.2292    0.6389    0.0371    0.0178 1138.0967 1057.3826    1.0867
   42.5000    0.0389    0.0971    0.2292    0.6389    0.0371    0.0178 1138.0967 1057.3826    1.0867
   43.0000    0.0389    0.0971    0.2292    0.6389    0.0371    0.0178 1138.0967 1057.3826    1.0867
   43.5000    0.0389    0.0971    0.2292    0.6389    0.0371    0.0178 1138.0967 1057.3826    1.0867
   44.0000    0.0389    0.0971    0.2292    0.6389    0.0371    0.0178 1138.0967 1057.3826    1.0867
   44.5000    0.0389    0.0971    0.2292    0.6389    0.0371    0.0178 1138.0967 1057.3826    1.0867
   45.0000    0.0389    0.0971    0.2292    0.6389    0.0371    0.0178 1138.0967 1057.3826    1.0867
   45.5000    0.0389    0.0971    0.2292    0.6389    0.0371    0.0178 1138.0967 1057.3826    1.0867
   46.0000    0.0389    0.0971    0.2292    0.6389    0.0371    0.0178 1138.0967 1057.3826    1.0867
   46.5000    0.0389    0.0971    0.2292    0.6389    0.0371    0.0178 1138.0967 1057.3826    1.0867
   47.0000    0.0389    0.0971    0.2292    0.6389    0.0371    0.0178 1138.0967 1057.3826    1.0867
   47.5000    0.0389    0.0971    0.2292    0.6389    0.0371    0.0178 1138.0967 1057.3826    1.0867
   48.0000    0.0389    0.0971    0.2292    0.6389    0.0371    0.0178 1138.0967 1057.3826    1.0867
   48.5000    0.0389    0.0971    0.2292    0.6389    0.0371    0.0178 1138.0967 1057.3826    1.0867
   49.0000    0.0389    0.0971    0.2292    0.6389    0.0371    0.0178 1138.0967 1057.3826    1.0867
   49.5000    0.0389    0.0971    0.2292    0.6389    0.0371    0.0178 1138.0967 1057.3826    1.0867
   50.0000    0.0389    0.0971    0.2292    0.6389    0.0371    0.0178 1138.0967 1057.3826    1.0867
   50.5000    0.0389    0.0971    0.2292    0.6389    0.0371    0.0178 1138.0967 1057.3826    1.0867
   51.0000    0.0389    0.0971    0.2292    0.6389    0.0371    0.0178 1138.0967 1057.3826    1.0867
   51.5000    0.0389    0.0971    0.2292    0.6389    0.0371    0.0178 1138.0967 1057.3826    1.0867
   52.0000    0.0389    0.0971    0.2292    0.6389    0.0371    0.0178 1138.0967 1057.3826    1.0867
   52.5000    0.0389    0.0971    0.2292    0.6389    0.0371    0.0178 1138.0967 1057.3826    1.0867
   53.0000    0.0389    0.0971    0.2292    0.6389    0.0371    0.0178 1138.0967 1057.3826    1.0867
   53.5000    0.0389    0.0971    0.2292    0.6389    0.0371    0.0178 1138.0967 1057.3826    1.0867
   54.0000    0.0389    0.0971    0.2292    0.6389    0.0371    0.0178 1138.0967 1057.3826    1.0867
   54.5000    0.0389    0.0971    0.2292    0.6389    0.0371    0.0178 1138.0967 1057.3826    1.0867
   55.0000    0.0389    0.0971    0.2292    0.6389    0.0371    0.0178 1138.0967 1057.3826    1.0867
   55.5000    0.0389    0.0971    0.2292    0.6389    0.0371    0.0178 1138.0967 1057.3826    1.0867
   56.0000    0.0389    0.0971    0.2292    0.6389    0.0371    0.0178 1138.0967 1057.3826    1.0867
   56.5000    0.0389    0.0971    0.2292    0.6389    0.0371    0.0178 1138.0967 1057.3826    1.0867
   57.0000    0.0389    0.0971    0.2292    0.6389    0.0371    0.0178 1138.0967 1057.3826    1.0867
   57.5000    0.0389    0.0971    0.2292    0.6389    0.0371    0.0178 1138.0967 1057.3826    1.0867
   58.0000    0.0389    0.0971    0.2292    0.6389    0.0371    0.0178 1138.0967 1057.3826    1.0867
   58.5000    0.0389    0.0971    0.2292    0.6389    0.0371    0.0178 1138.0967 1057.3826    1.0867
   59.0000    0.0389    0.0971    0.2292    0.6389    0.0371    0.0178 1138.0967 1057.3826    1.0867
   59.5000    0.0389    0.0971    0.2292    0.6389    0.0371    0.0178 1138.0967 1057.3826    1.0867
   60.0000    0.0389    0.0971    0.2292    0.6389    0.0371    0.0178 1138.0967 1057.3826    1.0867
   60.5000    0.0389    0.0971    0.2292    0.6389    0.0371    0.0178 1138.0967 1057.3826    1.0867
   61.0000    0.0389    0.0971    0.2292    0.6389    0.0371    0.0178 1138.0967 1057.3826    1.0867
   61.5000    0.0389    0.0971    0.2292    0.6389    0.0371    0.0178 1138.0967 1057.3826    1.0867
   62.0000    0.0389    0.0971    0.2292    0.6389    0.0371    0.0178 1138.0967 1057.3826    1.0867
   62.5000    0.0389    0.0971    0.2292    0.6389    0.0371    0.0178 1138.0967 1057.3826    1.0867
   63.0000    0.0389    0.0971    0.2292    0.6389    0.0371    0.0178 1138.0967 1057.3826    1.0867
   63.5000    0.0389    0.0971    0.2292    0.6389    0.0371    0.0178 1138.0967 1057.3826    1.0867
   64.0000    0.0389    0.0971    0.2292    0.6389    0.0371    0.0178 1138.0967 1057.3826    1.0867
   64.5000    0.0389    0.0971    0.2292    0.6389    0.0371    0.0178 1138.0967 1057.3826    1.0867
   65.0000    0.0389    0.0971    0.2292    0.6389    0.0371    0.0178 1138.0967 1057.3826    1.0867
   65.5000    0.0389    0.0971    0.2292    0.6389    0.0371    0.0178 1138.0967 1057.3826    1.0867
   66.0000    0.0389    0.0971    0.2292    0.6389    0.0371    0.0178 1138.0967 1057.3826    1.0867
   66.5000    0.0389    0.0971    0.2292    0.6389    0.0371    0.0178 1138.0967 1057.3826    1.0867
   67.0000    0.0389    0.0971    0.2292    0.6389    0.0371    0.0178 1138.0967 1057.3826    1.0867
   67.5000    0.0389    0.0971    0.2292    0.6389    0.0371    0.0178 1138.0967 1057.3826    1.0867
   68.0000    0.0389    0.0971    0.2292    0.6389    0.0371    0.0178 1138.0967 1057.3826    1.0867
   68.5000    0.0389    0.0971    0.2292    0.6389    0.0371    0.0178 1138.0967 1057.3826    1.0867
   69.0000    0.0389    0.0971    0.2292    0.6389    0.0371    0.0178 1138.0967 1057.3826    1.0867
   69.5000    0.0389    0.0971    0.2292    0.6389    0.0371    0.0178 1138.0967 1057.3826    1.0867
   70.0000    0.0389    0.0971    0.2292    0.6389    0.0371    0.0178 1138.0967 1057.3826    1.0867
   70.5000    0.0389    0.0971    0.2292    0.6389    0.0371    0.0178 1138.0967 1057.3826    1.0867
   71.0000    0.0389    0.0971    0.2292    0.6389    0.0371    0.0178 1138.0967 1057.3826    1.0867
   71.5000    0.0389    0.0971    0.2292    0.6389    0.0371    0.0178 1138.0967 1057.3826    1.0867
   72.0000    0.0389    0.0971    0.2292    0.6389    0.0371    0.0178 1138.0967 1057.3826    1.0867
   72.5000    0.0389    0.0971    0.2292    0.6389    0.0371    0.0178 1138.0967 1057.3826    1.0867
   73.0000    0.0389    0.0971    0.2292    0.6389    0.0371    0.0178 1138.0967 1057.3826    1.0867
   73.5000    0.0389    0.0971    0.2292    0.6389    0.0371    0.0178 1138.0967 1057.3826    1.0867
   74.0000    0.0389    0.0971    0.2292    0.6389    0.0371    0.0178 1138.0967 1057.3826    1.0867
   74.5000    0.0389    0.0971    0.2292    0.6389    0.0371    0.0178 1138.0967 1057.3826    1.0867
   75.0000    0.0389    0.0971    0.2292    0.6389    0.0371    0.0178 1138.0967 1057.3826    1.0867
   75.5000    0.0389    0.0971    0.2292    0.6389    0.0371    0.0178 1138.0967 1057.3826    1.0867
   76.0000    0.0389    0.0971    0.2292    0.6389    0.0371    0.0178 1138.0967 1057.3826    1.0867
   76.5000    0.0389    0.0971    0.2292    0.6389    0.0371    0.0178 1138.0967 1057.3826    1.0867
   77.0000    0.0389    0.0971    0.2292    0.6389    0.0371    0.0178 1138.0967 1057.3826    1.0867
   77.5000    0.0389    0.0971    0.2292    0.6389    0.0371    0.0178 1138.0967 1057.3826    1.0867
   78.0000    0.0389    0.0971    0.2292    0.6389    0.0371    0.0178 1138.0967 1057.3826    1.0867
   78.5000    0.0389    0.0971    0.2292    0.6389    0.0371    0.0178 1138.0967 1057.3826    1.0867
   79.0000    0.0389    0.0971    0.2292    0.6389    0.0371    0.0178 1138.0967 1057.3826    1.0867
   79.5000    0.0389    0.0971    0.2292    0.6389    0.0371    0.0178 1138.0967 1057.3826    1.0867
   80.0000    0.0389    0.0971    0.2292    0.6389    0.0371    0.0178 1138.0967 1057.3826    1.0867
   80.5000    0.0389    0.0971    0.2292    0.6389    0.0371    0.0178 1138.0967 1057.3826    1.0867
   81.0000    0.0389    0.0971    0.2292    0.6389    0.0371    0.0178 1138.0967 1057.3826    1.0867
   81.5000    0.0389    0.0971    0.2292    0.6389    0.0371    0.0178 1138.0967 1057.3826    1.0867
   82.0000    0.0389    0.0971    0.2292    0.6389    0.0371    0.0178 1138.0967 1057.3826    1.0867
   82.5000    0.0389    0.0971    0.2292    0.6389    0.0371    0.0178 1138.0967 1057.3826    1.0867
   83.0000    0.0389    0.0971    0.2292    0.6389    0.0371    0.0178 1138.0967 1057.3826    1.0867
   83.5000    0.0389    0.0971    0.2292    0.6389    0.0371    0.0178 1138.0967 1057.3826    1.0867
   84.0000    0.0389    0.0971    0.2292    0.6389    0.0371    0.0178 1138.0967 1057.3826    1.0867
   84.5000    0.0389    0.0971    0.2292    0.6389    0.0371    0.0178 1138.0967 1057.3826    1.0867
   85.0000    0.0389    0.0971    0.2292    0.6389    0.0371    0.0178 1138.0967 1057.3826    1.0867
   85.5000    0.0389    0.0971    0.2292    0.6389    0.0371    0.0178 1138.0967 1057.3826    1.0867
   86.0000    0.0389    0.0971    0.2292    0.6389    0.0371    0.0178 1138.0967 1057.3826    1.0867
   86.5000    0.0389    0.0971    0.2292    0.6389    0.0371    0.0178 1138.0967 1057.3826    1.0867
   87.0000    0.0389    0.0971    0.2292    0.6389    0.0371    0.0178 1138.0967 1057.3826    1.0867
   87.5000    0.0389    0.0971    0.2292    0.6389    0.0371    0.0178 1138.0967 1057.3826    1.0867
   88.0000    0.0389    0.0971    0.2292    0.6389    0.0371    0.0178 1138.0967 1057.3826    1.0867
   88.5000    0.0389    0.0971    0.2292    0.6389    0.0371    0.0178 1138.0967 1057.3826    1.0867
   89.0000    0.0389    0.0971    0.2292    0.6389    0.0371    0.0178 1138.0967 1057.3826    1.0867
   89.5000    0.0389    0.0971    0.2292    0.6389    0.0371    0.0178 1138.0967 1057.3826    1.0867
   90.0000    0.0389    0.0971    0.2292    0.6389    0.0371    0.0178 1138.0967 1057.3826    1.0867
   90.5000    0.0389    0.0971    0.2292    0.6389    0.0371    0.0178 1138.0967 1057.3826    1.0867
   91.0000    0.0389    0.0971    0.2292    0.6389    0.0371    0.0178 1138.0967 1057.3826    1.0867
   91.5000    0.0389    0.0971    0.2292    0.6389    0.0371    0.0178 1138.0967 1057.3826    1.0867
   92.0000    0.0389    0.0971    0.2292    0.6389    0.0371    0.0178 1138.0967 1057.3826    1.0867
   92.5000    0.0389    0.0971    0.2292    0.6389    0.0371    0.0178 1138.0967 1057.3826    1.0867
   93.0000    0.0389    0.0971    0.2292    0.6389    0.0371    0.0178 1138.0967 1057.3826    1.0867
   93.5000    0.0389    0.0971    0.2292    0.6389    0.0371    0.0178 1138.0967 1057.3826    1.0867
   94.0000    0.0389    0.0971    0.2292    0.6389    0.0371    0.0178 1138.0967 1057.3826    1.0867
   94.5000    0.0389    0.0971    0.2292    0.6389    0.0371    0.0178 1138.0967 1057.3826    1.0867
   95.0000    0.0389    0.0971    0.2292    0.6389    0.0371    0.0178 1138.0967 1057.3826    1.0867
   95.5000    0.0389    0.0971    0.2292    0.6389    0.0371    0.0178 1138.0967 1057.3826    1.0867
   96.0000    0.0389    0.0971    0.2292    0.6389    0.0371    0.0178 1138.0967 1057.3826    1.0867
   96.5000    0.0389    0.0971    0.2292    0.6389    0.0371    0.0178 1138.0967 1057.3826    1.0867
   97.0000    0.0389    0.0971    0.2292    0.6389    0.0371    0.0178 1138.0967 1057.3826    1.0867
   97.5000    0.0389    0.0971    0.2292    0.6389    0.0371    0.0178 1138.0967 1057.3826    1.0867
   98.0000    0.0389    0.0971    0.2292    0.6389    0.0371    0.0178 1138.0967 1057.3826    1.0867
   98.5000    0.0389    0.0971    0.2292    0.6389    0.0371    0.0178 1138.0967 1057.3826    1.0867
   99.0000    0.0389    0.0971    0.2292    0.6389    0.0371    0.0178 1138.0967 1057.3826    1.0867
   99.5000    0.0389    0.0971    0.2292    0.6389    0.0371    0.0178 1138.0967 1057.3826    1.0867
  100.0000    0.0389    0.0971    0.2292    0.6389    0.0371    0.0178 1138.0967 1057.3826    1.0867
