         t         y         k       L_H       L_L       c_H       c_L       V_H       V_L      V_HL
    0.0000    0.0497    0.1249    0.2292    0.6389    0.0371    0.0173 1093.0265 1012.9288    1.1405
    0.5000    0.0458    0.1249    0.1917    0.5694    0.0371    0.0173 1094.0623 1013.8886    1.1405
    1.0000    0.0446    0.1249    0.1925    0.5405    0.0371    0.0173 1095.0596 1014.8128    1.1405
    1.5000    0.0443    0.1247    0.1914    0.5429    0.0371    0.0173 1096.0512 1015.7318    1.1405
    2.0000    0.0440    0.1242    0.1906    0.5483    0.0371    0.0173 1097.0063 1016.6169    1.1405
    2.5000    0.0441    0.1231    0.1953    0.5606    0.0371    0.0173 1097.9142 1017.4582    1.1405
    3.0000    0.0426    0.1212    0.1904    0.5423    0.0371    0.0173 1098.7744 1018.2553    1.1405
    3.5000    0.0418    0.1185    0.1954    0.5354    0.0371    0.0173 1099.5811 1019.0029    1.1405
    4.0000    0.0403    0.1149    0.1932    0.5251    0.0371    0.0173 1100.3449 1019.7107    1.1405
    4.5000    0.0393    0.1107    0.1929    0.5319    0.0371    0.0173 1101.0480 1020.3623    1.1405
    5.0000    0.0378    0.1060    0.1934    0.5190    0.0370    0.0173 1101.6548 1020.9246    1.1405
    5.5000    0.0367    0.1013    0.1918    0.5269    0.0370    0.0173 1102.1658 1021.3981    1.1405
    6.0000    0.0359    0.0976    0.1905    0.5338    0.0370    0.0173 1102.5794 1021.7814    1.1405
    6.5000    0.0352    0.0955    0.1940    0.5232    0.0370    0.0173 1102.9224 1022.0993    1.1405
    7.0000    0.0353    0.0952    0.1939    0.5335    0.0369    0.0173 1103.2157 1022.3710    1.1405
    7.5000    0.0356    0.0952    0.1952    0.5522    0.0369    0.0172 1103.4639 1022.6011    1.1405
    8.0000    0.0361    0.0952    0.2038    0.5613    0.0369    0.0172 1103.6239 1022.7493    1.1405
    8.5000    0.0380    0.0952    0.2209    0.6259    0.0369    0.0172 1103.6699 1022.7919    1.1405
    9.0000    0.0380    0.0952    0.2209    0.6259    0.0369    0.0172 1103.6699 1022.7919    1.1405
    9.5000    0.0380    0.0952    0.2209    0.6259    0.0369    0.0172 1103.6700 1022.7919    1.1405
   10.0000    0.0380    0.0952    0.2209    0.6259    0.0369    0.0172 1103.6700 1022.7919    1.1405
   10.5000    0.0380    0.0952    0.2209    0.6259    0.0369    0.0172 1103.6700 1022.7919    1.1405
   11.0000    0.0380    0.0952    0.2209    0.6259    0.0369    0.0172 1103.6700 1022.7919    1.1405
   11.5000    0.0380    0.0952    0.2209    0.6259    0.0369    0.0172 1103.6700 1022.7919    1.1405
   12.0000    0.0380    0.0952    0.2209    0.6259    0.0369    0.0172 1103.6700 1022.7919    1.1405
   12.5000    0.0380    0.0952    0.2209    0.6259    0.0369    0.0172 1103.6700 1022.7919    1.1405
   13.0000    0.0380    0.0952    0.2209    0.6259    0.0369    0.0172 1103.6700 1022.7919    1.1405
   13.5000    0.0380    0.0952    0.2209    0.6259    0.0369    0.0172 1103.6701 1022.7919    1.1405
   14.0000    0.0380    0.0952    0.2209    0.6259    0.0369    0.0172 1103.6701 1022.7919    1.1405
   14.5000    0.0380    0.0952    0.2209    0.6259    0.0369    0.0172 1103.6701 1022.7919    1.1405
   15.0000    0.0380    0.0952    0.2209    0.6259    0.0369    0.0172 1103.6701 1022.7918    1.1405
   15.5000    0.0380    0.0952    0.2209    0.6259    0.0369    0.0172 1103.6701 1022.7918    1.1405
   16.0000    0.0380    0.0952    0.2209    0.6259    0.0369    0.0172 1103.6701 1022.7918    1.1405
   16.5000    0.0380    0.0952    0.2209    0.6259    0.0369    0.0172 1103.6701 1022.7918    1.1405
   17.0000    0.0380    0.0952    0.2209    0.6259    0.0369    0.0172 1103.6701 1022.7918    1.1405
   17.5000    0.0380    0.0952    0.2209    0.6259    0.0369    0.0172 1103.6701 1022.7918    1.1405
   18.0000    0.0380    0.0952    0.2209    0.6259    0.0369    0.0172 1103.6702 1022.7918    1.1405
   18.5000    0.0380    0.0952    0.2209    0.6259    0.0369    0.0172 1103.6702 1022.7918    1.1405
   19.0000    0.0380    0.0952    0.2209    0.6259    0.0369    0.0172 1103.6702 1022.7918    1.1405
   19.5000    0.0380    0.0952    0.2209    0.6259    0.0369    0.0172 1103.6702 1022.7918    1.1405
   20.0000    0.0380    0.0952    0.2209    0.6259    0.0369    0.0172 1103.6702 1022.7918    1.1405
   20.5000    0.0380    0.0952    0.2209    0.6259    0.0369    0.0172 1103.6702 1022.7917    1.1405
   21.0000    0.0380    0.0952    0.2209    0.6259    0.0369    0.0172 1103.6702 1022.7917    1.1405
   21.5000    0.0380    0.0952    0.2209    0.6259    0.0369    0.0172 1103.6702 1022.7917    1.1405
   22.0000    0.0380    0.0952    0.2209    0.6259    0.0369    0.0172 1103.6702 1022.7917    1.1405
   22.5000    0.0380    0.0952    0.2209    0.6259    0.0369    0.0172 1103.6702 1022.7917    1.1405
   23.0000    0.0380    0.0952    0.2209    0.6259    0.0369    0.0172 1103.6703 1022.7917    1.1405
   23.5000    0.0380    0.0952    0.2209    0.6259    0.0369    0.0172 1103.6703 1022.7917    1.1405
   24.0000    0.0380    0.0952    0.2209    0.6259    0.0369    0.0172 1103.6703 1022.7917    1.1405
   24.5000    0.0380    0.0952    0.2209    0.6259    0.0369    0.0172 1103.6703 1022.7917    1.1405
   25.0000    0.0380    0.0952    0.2209    0.6259    0.0369    0.0172 1103.6703 1022.7917    1.1405
   25.5000    0.0380    0.0952    0.2209    0.6259    0.0369    0.0172 1103.6703 1022.7917    1.1405
   26.0000    0.0380    0.0952    0.2209    0.6259    0.0369    0.0172 1103.6703 1022.7916    1.1405
   26.5000    0.0380    0.0952    0.2209    0.6259    0.0369    0.0172 1103.6703 1022.7916    1.1405
   27.0000    0.0380    0.0952    0.2209    0.6259    0.0369    0.0172 1103.6703 1022.7916    1.1405
   27.5000    0.0380    0.0952    0.2209    0.6259    0.0369    0.0172 1103.6704 1022.7916    1.1405
   28.0000    0.0380    0.0952    0.2209    0.6259    0.0369    0.0172 1103.6704 1022.7916    1.1405
   28.5000    0.0380    0.0952    0.2209    0.6259    0.0369    0.0172 1103.6704 1022.7916    1.1405
   29.0000    0.0380    0.0952    0.2209    0.6259    0.0369    0.0172 1103.6704 1022.7916    1.1405
   29.5000    0.0380    0.0952    0.2209    0.6259    0.0369    0.0172 1103.6704 1022.7916    1.1405
   30.0000    0.0380    0.0952    0.2209    0.6259    0.0369    0.0172 1103.6704 1022.7916    1.1405
   30.5000    0.0380    0.0952    0.2209    0.6259    0.0369    0.0172 1103.6704 1022.7916    1.1405
   31.0000    0.0380    0.0952    0.2209    0.6259    0.0369    0.0172 1103.6704 1022.7915    1.1405
   31.5000    0.0380    0.0952    0.2209    0.6259    0.0369    0.0172 1103.6705 1022.7915    1.1405
   32.0000    0.0380    0.0952    0.2209    0.6259    0.0369    0.0172 1103.6705 1022.7915    1.1405
   32.5000    0.0380    0.0952    0.2209    0.6259    0.0369    0.0172 1103.6705 1022.7915    1.1405
   33.0000    0.0380    0.0952    0.2209    0.6259    0.0369    0.0172 1103.6705 1022.7915    1.1405
   33.5000    0.0380    0.0952    0.2209    0.6259    0.0369    0.0172 1103.6705 1022.7915    1.1405
   34.0000    0.0380    0.0952    0.2209    0.6259    0.0369    0.0172 1103.6705 1022.7915    1.1405
   34.5000    0.0380    0.0952    0.2209    0.6259    0.0369    0.0172 1103.6705 1022.7915    1.1405
   35.0000    0.0380    0.0952    0.2209    0.6259    0.0369    0.0172 1103.6705 1022.7915    1.1405
   35.5000    0.0380    0.0952    0.2209    0.6259    0.0369    0.0172 1103.6705 1022.7915    1.1405
   36.0000    0.0380    0.0952    0.2209    0.6259    0.0369    0.0172 1103.6706 1022.7914    1.1405
   36.5000    0.0380    0.0952    0.2209    0.6259    0.0369    0.0172 1103.6706 1022.7914    1.1405
   37.0000    0.0380    0.0952    0.2209    0.6259    0.0369    0.0172 1103.6706 1022.7914    1.1405
   37.5000    0.0380    0.0952    0.2209    0.6259    0.0369    0.0172 1103.6706 1022.7914    1.1405
   38.0000    0.0380    0.0952    0.2209    0.6259    0.0369    0.0172 1103.6706 1022.7914    1.1405
   38.5000    0.0380    0.0952    0.2209    0.6259    0.0369    0.0172 1103.6706 1022.7914    1.1405
   39.0000    0.0380    0.0952    0.2209    0.6259    0.0369    0.0172 1103.6706 1022.7914    1.1405
   39.5000    0.0380    0.0952    0.2209    0.6259    0.0369    0.0172 1103.6706 1022.7914    1.1405
   40.0000    0.0380    0.0952    0.2209    0.6259    0.0369    0.0172 1103.6707 1022.7914    1.1405
   40.5000    0.0380    0.0952    0.2209    0.6259    0.0369    0.0172 1103.6707 1022.7914    1.1405
   41.0000    0.0380    0.0952    0.2209    0.6259    0.0369    0.0172 1103.6707 1022.7913    1.1405
   41.5000    0.0380    0.0952    0.2209    0.6259    0.0369    0.0172 1103.6707 1022.7913    1.1405
   42.0000    0.0380    0.0952    0.2209    0.6259    0.0369    0.0172 1103.6707 1022.7913    1.1405
   42.5000    0.0380    0.0952    0.2209    0.6259    0.0369    0.0172 1103.6707 1022.7913    1.1405
   43.0000    0.0380    0.0952    0.2209    0.6259    0.0369    0.0172 1103.6707 1022.7913    1.1405
   43.5000    0.0380    0.0952    0.2209    0.6259    0.0369    0.0172 1103.6707 1022.7913    1.1405
   44.0000    0.0380    0.0952    0.2209    0.6259    0.0369    0.0172 1103.6708 1022.7913    1.1405
   44.5000    0.0380    0.0952    0.2209    0.6259    0.0369    0.0172 1103.6708 1022.7913    1.1405
   45.0000    0.0380    0.0952    0.2209    0.6259    0.0369    0.0172 1103.6708 1022.7913    1.1405
   45.5000    0.0380    0.0952    0.2209    0.6259    0.0369    0.0172 1103.6708 1022.7913    1.1406
   46.0000    0.0380    0.0952    0.2209    0.6259    0.0369    0.0172 1103.6708 1022.7912    1.1406
   46.5000    0.0380    0.0952    0.2209    0.6259    0.0369    0.0172 1103.6708 1022.7912    1.1406
   47.0000    0.0380    0.0952    0.2209    0.6259    0.0369    0.0172 1103.6708 1022.7912    1.1406
   47.5000    0.0380    0.0952    0.2209    0.6259    0.0369    0.0172 1103.6708 1022.7912    1.1406
   48.0000    0.0380    0.0952    0.2209    0.6259    0.0369    0.0172 1103.6709 1022.7912    1.1406
   48.5000    0.0380    0.0952    0.2209    0.6259    0.0369    0.0172 1103.6709 1022.7912    1.1406
   49.0000    0.0380    0.0952    0.2209    0.6259    0.0369    0.0172 1103.6709 1022.7912    1.1406
   49.5000    0.0380    0.0952    0.2209    0.6259    0.0369    0.0172 1103.6709 1022.7912    1.1406
   50.0000    0.0380    0.0952    0.2209    0.6259    0.0369    0.0172 1103.6709 1022.7912    1.1406
   50.5000    0.0380    0.0952    0.2209    0.6259    0.0369    0.0172 1103.6709 1022.7911    1.1406
   51.0000    0.0380    0.0952    0.2209    0.6259    0.0369    0.0172 1103.6709 1022.7911    1.1406
   51.5000    0.0380    0.0952    0.2209    0.6259    0.0369    0.0172 1103.6710 1022.7911    1.1406
   52.0000    0.0380    0.0952    0.2209    0.6259    0.0369    0.0172 1103.6710 1022.7911    1.1406
   52.5000    0.0380    0.0952    0.2209    0.6259    0.0369    0.0172 1103.6710 1022.7911    1.1406
   53.0000    0.0380    0.0952    0.2209    0.6259    0.0369    0.0172 1103.6710 1022.7911    1.1406
   53.5000    0.0380    0.0952    0.2209    0.6259    0.0369    0.0172 1103.6710 1022.7911    1.1406
   54.0000    0.0380    0.0952    0.2209    0.6259    0.0369    0.0172 1103.6710 1022.7911    1.1406
   54.5000    0.0380    0.0952    0.2209    0.6259    0.0369    0.0172 1103.6710 1022.7911    1.1406
   55.0000    0.0380    0.0952    0.2209    0.6259    0.0369    0.0172 1103.6710 1022.7910    1.1406
   55.5000    0.0380    0.0952    0.2209    0.6259    0.0369    0.0172 1103.6711 1022.7910    1.1406
   56.0000    0.0380    0.0952    0.2209    0.6259    0.0369    0.0172 1103.6711 1022.7910    1.1406
   56.5000    0.0380    0.0952    0.2209    0.6259    0.0369    0.0172 1103.6711 1022.7910    1.1406
   57.0000    0.0380    0.0952    0.2209    0.6259    0.0369    0.0172 1103.6711 1022.7910    1.1406
   57.5000    0.0380    0.0952    0.2209    0.6259    0.0369    0.0172 1103.6711 1022.7910    1.1406
   58.0000    0.0380    0.0952    0.2209    0.6259    0.0369    0.0172 1103.6711 1022.7910    1.1406
   58.5000    0.0380    0.0952    0.2209    0.6259    0.0369    0.0172 1103.6711 1022.7910    1.1406
   59.0000    0.0380    0.0952    0.2209    0.6259    0.0369    0.0172 1103.6712 1022.7909    1.1406
   59.5000    0.0380    0.0952    0.2209    0.6259    0.0369    0.0172 1103.6712 1022.7909    1.1406
   60.0000    0.0380    0.0952    0.2209    0.6259    0.0369    0.0172 1103.6712 1022.7909    1.1406
   60.5000    0.0380    0.0952    0.2209    0.6259    0.0369    0.0172 1103.6712 1022.7909    1.1406
   61.0000    0.0380    0.0952    0.2209    0.6259    0.0369    0.0172 1103.6712 1022.7909    1.1406
   61.5000    0.0380    0.0952    0.2209    0.6259    0.0369    0.0172 1103.6712 1022.7909    1.1406
   62.0000    0.0380    0.0952    0.2209    0.6259    0.0369    0.0172 1103.6712 1022.7909    1.1406
   62.5000    0.0380    0.0952    0.2209    0.6259    0.0369    0.0172 1103.6713 1022.7909    1.1406
   63.0000    0.0380    0.0952    0.2209    0.6259    0.0369    0.0172 1103.6713 1022.7909    1.1406
   63.5000    0.0380    0.0952    0.2209    0.6259    0.0369    0.0172 1103.6713 1022.7908    1.1406
   64.0000    0.0380    0.0952    0.2209    0.6259    0.0369    0.0172 1103.6713 1022.7908    1.1406
   64.5000    0.0380    0.0952    0.2209    0.6259    0.0369    0.0172 1103.6713 1022.7908    1.1406
   65.0000    0.0380    0.0952    0.2209    0.6259    0.0369    0.0172 1103.6713 1022.7908    1.1406
   65.5000    0.0380    0.0952    0.2209    0.6259    0.0369    0.0172 1103.6713 1022.7908    1.1406
   66.0000    0.0380    0.0952    0.2209    0.6259    0.0369    0.0172 1103.6714 1022.7908    1.1406
   66.5000    0.0380    0.0952    0.2209    0.6259    0.0369    0.0172 1103.6714 1022.7908    1.1406
   67.0000    0.0380    0.0952    0.2209    0.6259    0.0369    0.0172 1103.6714 1022.7908    1.1406
   67.5000    0.0380    0.0952    0.2209    0.6259    0.0369    0.0172 1103.6714 1022.7907    1.1406
   68.0000    0.0380    0.0952    0.2209    0.6259    0.0369    0.0172 1103.6714 1022.7907    1.1406
   68.5000    0.0380    0.0952    0.2209    0.6259    0.0369    0.0172 1103.6714 1022.7907    1.1406
   69.0000    0.0380    0.0952    0.2209    0.6259    0.0369    0.0172 1103.6714 1022.7907    1.1406
   69.5000    0.0380    0.0952    0.2209    0.6259    0.0369    0.0172 1103.6715 1022.7907    1.1406
   70.0000    0.0380    0.0952    0.2209    0.6259    0.0369    0.0172 1103.6715 1022.7907    1.1406
   70.5000    0.0380    0.0952    0.2209    0.6259    0.0369    0.0172 1103.6715 1022.7907    1.1406
   71.0000    0.0380    0.0952    0.2209    0.6259    0.0369    0.0172 1103.6715 1022.7907    1.1406
   71.5000    0.0380    0.0952    0.2209    0.6259    0.0369    0.0172 1103.6715 1022.7906    1.1406
   72.0000    0.0380    0.0952    0.2209    0.6259    0.0369    0.0172 1103.6715 1022.7906    1.1406
   72.5000    0.0380    0.0952    0.2209    0.6259    0.0369    0.0172 1103.6715 1022.7906    1.1406
   73.0000    0.0380    0.0952    0.2209    0.6259    0.0369    0.0172 1103.6716 1022.7906    1.1406
   73.5000    0.0380    0.0952    0.2209    0.6259    0.0369    0.0172 1103.6716 1022.7906    1.1406
   74.0000    0.0380    0.0952    0.2209    0.6259    0.0369    0.0172 1103.6716 1022.7906    1.1406
   74.5000    0.0380    0.0952    0.2209    0.6259    0.0369    0.0172 1103.6716 1022.7906    1.1406
   75.0000    0.0380    0.0952    0.2209    0.6259    0.0369    0.0172 1103.6716 1022.7905    1.1406
   75.5000    0.0380    0.0952    0.2209    0.6259    0.0369    0.0172 1103.6716 1022.7905    1.1406
   76.0000    0.0380    0.0952    0.2209    0.6259    0.0369    0.0172 1103.6717 1022.7905    1.1406
   76.5000    0.0380    0.0952    0.2209    0.6259    0.0369    0.0172 1103.6717 1022.7905    1.1406
   77.0000    0.0380    0.0952    0.2209    0.6259    0.0369    0.0172 1103.6717 1022.7905    1.1406
   77.5000    0.0380    0.0952    0.2209    0.6259    0.0369    0.0172 1103.6717 1022.7905    1.1406
   78.0000    0.0380    0.0952    0.2209    0.6259    0.0369    0.0172 1103.6717 1022.7905    1.1406
   78.5000    0.0380    0.0952    0.2209    0.6259    0.0369    0.0172 1103.6717 1022.7905    1.1406
   79.0000    0.0380    0.0952    0.2209    0.6259    0.0369    0.0172 1103.6718 1022.7904    1.1406
   79.5000    0.0380    0.0952    0.2209    0.6259    0.0369    0.0172 1103.6718 1022.7904    1.1406
   80.0000    0.0380    0.0952    0.2209    0.6259    0.0369    0.0172 1103.6718 1022.7904    1.1406
   80.5000    0.0380    0.0952    0.2209    0.6259    0.0369    0.0172 1103.6718 1022.7904    1.1406
   81.0000    0.0380    0.0952    0.2209    0.6259    0.0369    0.0172 1103.6718 1022.7904    1.1406
   81.5000    0.0380    0.0952    0.2209    0.6259    0.0369    0.0172 1103.6718 1022.7904    1.1406
   82.0000    0.0380    0.0952    0.2209    0.6259    0.0369    0.0172 1103.6718 1022.7904    1.1406
   82.5000    0.0380    0.0952    0.2209    0.6259    0.0369    0.0172 1103.6719 1022.7903    1.1406
   83.0000    0.0380    0.0952    0.2209    0.6259    0.0369    0.0172 1103.6719 1022.7903    1.1406
   83.5000    0.0380    0.0952    0.2209    0.6259    0.0369    0.0172 1103.6719 1022.7903    1.1406
   84.0000    0.0380    0.0952    0.2209    0.6259    0.0369    0.0172 1103.6719 1022.7903    1.1406
   84.5000    0.0380    0.0952    0.2209    0.6259    0.0369    0.0172 1103.6719 1022.7903    1.1406
   85.0000    0.0380    0.0952    0.2209    0.6259    0.0369    0.0172 1103.6719 1022.7903    1.1406
   85.5000    0.0380    0.0952    0.2209    0.6259    0.0369    0.0172 1103.6720 1022.7903    1.1406
   86.0000    0.0380    0.0952    0.2209    0.6259    0.0369    0.0172 1103.6720 1022.7903    1.1406
   86.5000    0.0380    0.0952    0.2209    0.6259    0.0369    0.0172 1103.6720 1022.7902    1.1406
   87.0000    0.0380    0.0952    0.2209    0.6259    0.0369    0.0172 1103.6720 1022.7902    1.1406
   87.5000    0.0380    0.0952    0.2209    0.6259    0.0369    0.0172 1103.6720 1022.7902    1.1406
   88.0000    0.0380    0.0952    0.2209    0.6259    0.0369    0.0172 1103.6720 1022.7902    1.1406
   88.5000    0.0380    0.0952    0.2209    0.6259    0.0369    0.0172 1103.6721 1022.7902    1.1406
   89.0000    0.0380    0.0952    0.2209    0.6259    0.0369    0.0172 1103.6721 1022.7902    1.1406
   89.5000    0.0380    0.0952    0.2209    0.6259    0.0369    0.0172 1103.6721 1022.7902    1.1406
   90.0000    0.0380    0.0952    0.2209    0.6259    0.0369    0.0172 1103.6721 1022.7901    1.1406
   90.5000    0.0380    0.0952    0.2209    0.6259    0.0369    0.0172 1103.6721 1022.7901    1.1406
   91.0000    0.0380    0.0952    0.2209    0.6259    0.0369    0.0172 1103.6721 1022.7901    1.1406
   91.5000    0.0380    0.0952    0.2209    0.6259    0.0369    0.0172 1103.6722 1022.7901    1.1406
   92.0000    0.0380    0.0952    0.2209    0.6259    0.0369    0.0172 1103.6722 1022.7901    1.1406
   92.5000    0.0380    0.0952    0.2209    0.6259    0.0369    0.0172 1103.6722 1022.7901    1.1406
   93.0000    0.0380    0.0952    0.2209    0.6259    0.0369    0.0172 1103.6722 1022.7901    1.1406
   93.5000    0.0380    0.0952    0.2209    0.6259    0.0369    0.0172 1103.6722 1022.7900    1.1406
   94.0000    0.0380    0.0952    0.2209    0.6259    0.0369    0.0172 1103.6723 1022.7900    1.1406
   94.5000    0.0380    0.0952    0.2209    0.6259    0.0369    0.0172 1103.6723 1022.7900    1.1406
   95.0000    0.0380    0.0952    0.2209    0.6259    0.0369    0.0172 1103.6723 1022.7900    1.1406
   95.5000    0.0380    0.0952    0.2209    0.6259    0.0369    0.0172 1103.6723 1022.7900    1.1406
   96.0000    0.0380    0.0952    0.2209    0.6259    0.0369    0.0172 1103.6723 1022.7900    1.1406
   96.5000    0.0380    0.0952    0.2209    0.6259    0.0369    0.0172 1103.6723 1022.7899    1.1406
   97.0000    0.0380    0.0952    0.2209    0.6259    0.0369    0.0172 1103.6724 1022.7899    1.1406
   97.5000    0.0380    0.0952    0.2209    0.6259    0.0369    0.0172 1103.6724 1022.7899    1.1406
   98.0000    0.0380    0.0952    0.2209    0.6259    0.0369    0.0172 1103.6724 1022.7899    1.1406
   98.5000    0.0380    0.0952    0.2209    0.6259    0.0369    0.0172 1103.6724 1022.7899    1.1406
   99.0000    0.0380    0.0952    0.2209    0.6259    0.0369    0.0172 1103.6724 1022.7899    1.1406
   99.5000    0.0380    0.0952    0.2209    0.6259    0.0369    0.0172 1103.6724 1022.7899    1.1406
  100.0000    0.0380    0.0952    0.2209    0.6259    0.0369    0.0172 1103.6725 1022.7898    1.1406
