         t         y         k       L_H       L_L       c_H       c_L       V_H       V_L      V_HL
    0.0000    0.0497    0.1249    0.2292    0.6389    0.0371    0.0178 1124.3167 1044.5799    1.0867
    1.0000    0.0491    0.1249    0.2292    0.6389    0.0371    0.0178 1125.7076 1045.8721    1.0867
    2.0000    0.0486    0.1249    0.2292    0.6389    0.0371    0.0178 1127.0551 1047.1241    1.0867
    3.0000    0.0481    0.1249    0.2292    0.6389    0.0371    0.0178 1128.3711 1048.3467    1.0867
    4.0000    0.0477    0.1247    0.2292    0.6389    0.0371    0.0178 1129.6606 1049.5448    1.0867
    5.0000    0.0473    0.1242    0.2292    0.6389    0.0371    0.0178 1130.9213 1050.7161    1.0867
    6.0000    0.0469    0.1233    0.2292    0.6389    0.0371    0.0178 1132.1412 1051.8495    1.0867
    7.0000    0.0464    0.1218    0.2292    0.6389    0.0371    0.0178 1133.2907 1052.9174    1.0867
    8.0000    0.0457    0.1196    0.2292    0.6389    0.0371    0.0178 1134.3401 1053.8924    1.0867
    9.0000    0.0449    0.1168    0.2292    0.6389    0.0371    0.0178 1135.2612 1054.7482    1.0867
   10.0000    0.0440    0.1135    0.2292    0.6389    0.0371    0.0178 1136.0397 1055.4715    1.0867
   11.0000    0.0431    0.1102    0.2292    0.6389    0.0371    0.0178 1136.6657 1056.0531    1.0867
   12.0000    0.0422    0.1069    0.2292    0.6389    0.0371    0.0178 1137.1426 1056.4962    1.0867
   13.0000    0.0414    0.1041    0.2292    0.6389    0.0371    0.0178 1137.4870 1056.8161    1.0867
   14.0000    0.0407    0.1018    0.2292    0.6389    0.0371    0.0178 1137.7236 1057.0359    1.0867
   15.0000    0.0401    0.1001    0.2292    0.6389    0.0371    0.0178 1137.8782 1057.1795    1.0867
   16.0000    0.0396    0.0989    0.2292    0.6389    0.0371    0.0178 1137.9733 1057.2679    1.0867
   17.0000    0.0393    0.0981    0.2292    0.6389    0.0371    0.0178 1138.0298 1057.3204    1.0867
   18.0000    0.0391    0.0977    0.2292    0.6389    0.0371    0.0178 1138.0619 1057.3502    1.0867
   19.0000    0.0390    0.0974    0.2292    0.6389    0.0371    0.0178 1138.0792 1057.3663    1.0867
   20.0000    0.0390    0.0972    0.2292    0.6389    0.0371    0.0178 1138.0883 1057.3748    1.0867
   21.0000    0.0389    0.0971    0.2292    0.6389    0.0371    0.0178 1138.0928 1057.3790    1.0867
   22.0000    0.0389    0.0971    0.2292    0.6389    0.0371    0.0178 1138.0950 1057.3810    1.0867
   23.0000    0.0389    0.0971    0.2292    0.6389    0.0371    0.0178 1138.0960 1057.3819    1.0867
   24.0000    0.0389    0.0971    0.2292    0.6389    0.0371    0.0178 1138.0964 1057.3823    1.0867
   25.0000    0.0389    0.0971    0.2292    0.6389    0.0371    0.0178 1138.0966 1057.3825    1.0867
   26.0000    0.0389    0.0971    0.2292    0.6389    0.0371    0.0178 1138.0967 1057.3826    1.0867
   27.0000    0.0389    0.0971    0.2292    0.6389    0.0371    0.0178 1138.0967 1057.3826    1.0867
   28.0000    0.0389    0.0971    0.2292    0.6389    0.0371    0.0178 1138.0967 1057.3826    1.0867
   29.0000    0.0389    0.0971    0.2292    0.6389    0.0371    0.0178 1138.0967 1057.3826    1.0867
   30.0000    0.0389    0.0971    0.2292    0.6389    0.0371    0.0178 1138.0967 1057.3826    1.0867
   31.0000    0.0389    0.0971    0.2292    0.6389    0.0371    0.0178 1138.0967 1057.3826    1.0867
   32.0000    0.0389    0.0971    0.2292    0.6389    0.0371    0.0178 1138.0967 1057.3826    1.0867
   33.0000    0.0389    0.0971    0.2292    0.6389    0.0371    0.0178 1138.0967 1057.3826    1.0867
   34.0000    0.0389    0.0971    0.2292    0.6389    0.0371    0.0178 1138.0967 1057.3826    1.0867
   35.0000    0.0389    0.0971    0.2292    0.6389    0.0371    0.0178 1138.0967 1057.3826    1.0867
   36.0000    0.0389    0.0971    0.2292    0.6389    0.0371    0.0178 1138.0967 1057.3826    1.0867
   37.0000    0.0389    0.0971    0.2292    0.6389    0.0371    0.0178 1138.0967 1057.3826    1.0867
   38.0000    0.0389    0.0971    0.2292    0.6389    0.0371    0.0178 1138.0967 1057.3826    1.0867
   39.0000    0.0389    0.0971    0.2292    0.6389    0.0371    0.0178 1138.0967 1057.3826    1.0867
   40.0000    0.0389    0.0971    0.2292    0.6389    0.0371    0.0178 1138.0967 1057.3826    1.0867
   41.0000    0.0389    0.0971    0.2292    0.6389    0.0371    0.0178 1138.0967 1057.3826    1.0867
   42.0000    0.0389    0.0971    0.2292    0.6389    0.0371    0.0178 1138.0967 1057.3826    1.0867
   43.0000    0.0389    0.0971    0.2292    0.6389    0.0371    0.0178 1138.0967 1057.3826    1.0867
   44.0000    0.0389    0.0971    0.2292    0.6389    0.0371    0.0178 1138.0967 1057.3826    1.0867
   45.0000    0.0389    0.0971    0.2292    0.6389    0.0371    0.0178 1138.0967 1057.3826    1.0867
   46.0000    0.0389    0.0971    0.2292    0.6389    0.0371    0.0178 1138.0967 1057.3826    1.0867
   47.0000    0.0389    0.0971    0.2292    0.6389    0.0371    0.0178 1138.0967 1057.3826    1.0867
   48.0000    0.0389    0.0971    0.2292    0.6389    0.0371    0.0178 1138.0967 1057.3826    1.0867
   49.0000    0.0389    0.0971    0.2292    0.6389    0.0371    0.0178 1138.0967 1057.3826    1.0867
   50.0000    0.0389    0.0971    0.2292    0.6389    0.0371    0.0178 1138.0967 1057.3826    1.0867
   51.0000    0.0389    0.0971    0.2292    0.6389    0.0371    0.0178 1138.0967 1057.3826    1.0867
   52.0000    0.0389    0.0971    0.2292    0.6389    0.0371    0.0178 1138.0967 1057.3826    1.0867
   53.0000    0.0389    0.0971    0.2292    0.6389    0.0371    0.0178 1138.0967 1057.3826    1.0867
   54.0000    0.0389    0.0971    0.2292    0.6389    0.0371    0.0178 1138.0967 1057.3826    1.0867
   55.0000    0.0389    0.0971    0.2292    0.6389    0.0371    0.0178 1138.0967 1057.3826    1.0867
   56.0000    0.0389    0.0971    0.2292    0.6389    0.0371    0.0178 1138.0967 1057.3826    1.0867
   57.0000    0.0389    0.0971    0.2292    0.6389    0.0371    0.0178 1138.0967 1057.3826    1.0867
   58.0000    0.0389    0.0971    0.2292    0.6389    0.0371    0.0178 1138.0967 1057.3826    1.0867
   59.0000    0.0389    0.0971    0.2292    0.6389    0.0371    0.0178 1138.0967 1057.3826    1.0867
   60.0000    0.0389    0.0971    0.2292    0.6389    0.0371    0.0178 1138.0967 1057.3826    1.0867
   61.0000    0.0389    0.0971    0.2292    0.6389    0.0371    0.0178 1138.0967 1057.3826    1.0867
   62.0000    0.0389    0.0971    0.2292    0.6389    0.0371    0.0178 1138.0967 1057.3826    1.0867
   63.0000    0.0389    0.0971    0.2292    0.6389    0.0371    0.0178 1138.0967 1057.3826    1.0867
   64.0000    0.0389    0.0971    0.2292    0.6389    0.0371    0.0178 1138.0967 1057.3826    1.0867
   65.0000    0.0389    0.0971    0.2292    0.6389    0.0371    0.0178 1138.0967 1057.3826    1.0867
   66.0000    0.0389    0.0971    0.2292    0.6389    0.0371    0.0178 1138.0967 1057.3826    1.0867
   67.0000    0.0389    0.0971    0.2292    0.6389    0.0371    0.0178 1138.0967 1057.3826    1.0867
   68.0000    0.0389    0.0971    0.2292    0.6389    0.0371    0.0178 1138.0967 1057.3826    1.0867
   69.0000    0.0389    0.0971    0.2292    0.6389    0.0371    0.0178 1138.0967 1057.3826    1.0867
   70.0000    0.0389    0.0971    0.2292    0.6389    0.0371    0.0178 1138.0967 1057.3826    1.0867
   71.0000    0.0389    0.0971    0.2292    0.6389    0.0371    0.0178 1138.0967 1057.3826    1.0867
   72.0000    0.0389    0.0971    0.2292    0.6389    0.0371    0.0178 1138.0967 1057.3826    1.0867
   73.0000    0.0389    0.0971    0.2292    0.6389    0.0371    0.0178 1138.0967 1057.3826    1.0867
   74.0000    0.0389    0.0971    0.2292    0.6389    0.0371    0.0178 1138.0967 1057.3826    1.0867
   75.0000    0.0389    0.0971    0.2292    0.6389    0.0371    0.0178 1138.0967 1057.3826    1.0867
   76.0000    0.0389    0.0971    0.2292    0.6389    0.0371    0.0178 1138.0967 1057.3826    1.0867
   77.0000    0.0389    0.0971    0.2292    0.6389    0.0371    0.0178 1138.0967 1057.3826    1.0867
   78.0000    0.0389    0.0971    0.2292    0.6389    0.0371    0.0178 1138.0967 1057.3826    1.0867
   79.0000    0.0389    0.0971    0.2292    0.6389    0.0371    0.0178 1138.0967 1057.3826    1.0867
   80.0000    0.0389    0.0971    0.2292    0.6389    0.0371    0.0178 1138.0967 1057.3826    1.0867
   81.0000    0.0389    0.0971    0.2292    0.6389    0.0371    0.0178 1138.0967 1057.3826    1.0867
   82.0000    0.0389    0.0971    0.2292    0.6389    0.0371    0.0178 1138.0967 1057.3826    1.0867
   83.0000    0.0389    0.0971    0.2292    0.6389    0.0371    0.0178 1138.0967 1057.3826    1.0867
   84.0000    0.0389    0.0971    0.2292    0.6389    0.0371    0.0178 1138.0967 1057.3826    1.0867
   85.0000    0.0389    0.0971    0.2292    0.6389    0.0371    0.0178 1138.0967 1057.3826    1.0867
   86.0000    0.0389    0.0971    0.2292    0.6389    0.0371    0.0178 1138.0967 1057.3826    1.0867
   87.0000    0.0389    0.0971    0.2292    0.6389    0.0371    0.0178 1138.0967 1057.3826    1.0867
   88.0000    0.0389    0.0971    0.2292    0.6389    0.0371    0.0178 1138.0967 1057.3826    1.0867
   89.0000    0.0389    0.0971    0.2292    0.6389    0.0371    0.0178 1138.0967 1057.3826    1.0867
   90.0000    0.0389    0.0971    0.2292    0.6389    0.0371    0.0178 1138.0967 1057.3826    1.0867
   91.0000    0.0389    0.0971    0.2292    0.6389    0.0371    0.0178 1138.0967 1057.3826    1.0867
   92.0000    0.0389    0.0971    0.2292    0.6389    0.0371    0.0178 1138.0967 1057.3826    1.0867
   93.0000    0.0389    0.0971    0.2292    0.6389    0.0371    0.0178 1138.0967 1057.3826    1.0867
   94.0000    0.0389    0.0971    0.2292    0.6389    0.0371    0.0178 1138.0967 1057.3826    1.0867
   95.0000    0.0389    0.0971    0.2292    0.6389    0.0371    0.0178 1138.0967 1057.3826    1.0867
   96.0000    0.0389    0.0971    0.2292    0.6389    0.0371    0.0178 1138.0967 1057.3826    1.0867
   97.0000    0.0389    0.0971    0.2292    0.6389    0.0371    0.0178 1138.0967 1057.3826    1.0867
   98.0000    0.0389    0.0971    0.2292    0.6389    0.0371    0.0178 1138.0967 1057.3826    1.0867
   99.0000    0.0389    0.0971    0.2292    0.6389    0.0371    0.0178 1138.0967 1057.3826    1.0867
  100.0000    0.0389    0.0971    0.2292    0.6389    0.0371    0.0178 1138.0967 1057.3826    1.0867
