         t         y         k       L_H       L_L       c_H       c_L       V_H       V_L      V_HL
    0.0000    0.0497    0.1249    0.2292    0.6389    0.0375    0.0181 1126.7373 1047.4503    1.0744
    1.0000    0.0491    0.1249    0.2292    0.6389    0.0375    0.0181 1128.1279 1048.7431    1.0744
    2.0000    0.0486    0.1249    0.2292    0.6389    0.0375    0.0181 1129.4746 1049.9950    1.0744
    3.0000    0.0481    0.1248    0.2292    0.6389    0.0375    0.0181 1130.7880 1051.2160    1.0744
    4.0000    0.0477    0.1245    0.2292    0.6389    0.0375    0.0181 1132.0714 1052.4091    1.0744
    5.0000    0.0473    0.1239    0.2292    0.6389    0.0375    0.0181 1133.3184 1053.5684    1.0744
    6.0000    0.0468    0.1227    0.2292    0.6389    0.0375    0.0181 1134.5125 1054.6784    1.0744
    7.0000    0.0462    0.1208    0.2292    0.6389    0.0375    0.0181 1135.6192 1055.7072    1.0744
    8.0000    0.0454    0.1182    0.2292    0.6389    0.0375    0.0181 1136.6055 1056.6241    1.0744
    9.0000    0.0445    0.1151    0.2292    0.6389    0.0375    0.0181 1137.4495 1057.4087    1.0744
   10.0000    0.0436    0.1116    0.2292    0.6389    0.0375    0.0181 1138.1396 1058.0503    1.0744
   11.0000    0.0427    0.1082    0.2292    0.6389    0.0375    0.0181 1138.6737 1058.5468    1.0744
   12.0000    0.0419    0.1052    0.2292    0.6389    0.0375    0.0181 1139.0635 1058.9092    1.0744
   13.0000    0.0411    0.1027    0.2292    0.6389    0.0375    0.0181 1139.3329 1059.1596    1.0744
   14.0000    0.0404    0.1007    0.2292    0.6389    0.0375    0.0181 1139.5092 1059.3235    1.0744
   15.0000    0.0399    0.0994    0.2292    0.6389    0.0375    0.0181 1139.6176 1059.4243    1.0744
   16.0000    0.0396    0.0985    0.2292    0.6389    0.0375    0.0181 1139.6797 1059.4820    1.0744
   17.0000    0.0394    0.0979    0.2292    0.6389    0.0375    0.0181 1139.7127 1059.5127    1.0744
   18.0000    0.0393    0.0975    0.2292    0.6389    0.0375    0.0181 1139.7282 1059.5271    1.0744
   19.0000    0.0392    0.0974    0.2292    0.6389    0.0375    0.0181 1139.7339 1059.5324    1.0744
   20.0000    0.0392    0.0973    0.2292    0.6389    0.0375    0.0181 1139.7352 1059.5336    1.0744
   21.0000    0.0392    0.0973    0.2292    0.6389    0.0375    0.0181 1139.7358 1059.5341    1.0744
   22.0000    0.0392    0.0973    0.2292    0.6389    0.0375    0.0181 1139.7361 1059.5344    1.0744
   23.0000    0.0392    0.0973    0.2292    0.6389    0.0375    0.0181 1139.7363 1059.5346    1.0744
   24.0000    0.0392    0.0973    0.2292    0.6389    0.0375    0.0181 1139.7364 1059.5347    1.0744
   25.0000    0.0392    0.0973    0.2292    0.6389    0.0375    0.0181 1139.7364 1059.5347    1.0744
   26.0000    0.0392    0.0973    0.2292    0.6389    0.0375    0.0181 1139.7364 1059.5347    1.0744
   27.0000    0.0392    0.0973    0.2292    0.6389    0.0375    0.0181 1139.7364 1059.5347    1.0744
   28.0000    0.0392    0.0973    0.2292    0.6389    0.0375    0.0181 1139.7364 1059.5347    1.0744
   29.0000    0.0392    0.0973    0.2292    0.6389    0.0375    0.0181 1139.7364 1059.5347    1.0744
   30.0000    0.0392    0.0973    0.2292    0.6389    0.0375    0.0181 1139.7364 1059.5347    1.0744
   31.0000    0.0392    0.0973    0.2292    0.6389    0.0375    0.0181 1139.7364 1059.5347    1.0744
   32.0000    0.0392    0.0973    0.2292    0.6389    0.0375    0.0181 1139.7364 1059.5347    1.0744
   33.0000    0.0392    0.0973    0.2292    0.6389    0.0375    0.0181 1139.7364 1059.5347    1.0744
   34.0000    0.0392    0.0973    0.2292    0.6389    0.0375    0.0181 1139.7364 1059.5347    1.0744
   35.0000    0.0392    0.0973    0.2292    0.6389    0.0375    0.0181 1139.7364 1059.5347    1.0744
   36.0000    0.0392    0.0973    0.2292    0.6389    0.0375    0.0181 1139.7364 1059.5347    1.0744
   37.0000    0.0392    0.0973    0.2292    0.6389    0.0375    0.0181 1139.7364 1059.5347    1.0744
   38.0000    0.0392    0.0973    0.2292    0.6389    0.0375    0.0181 1139.7364 1059.5347    1.0744
   39.0000    0.0392    0.0973    0.2292    0.6389    0.0375    0.0181 1139.7364 1059.5347    1.0744
   40.0000    0.0392    0.0973    0.2292    0.6389    0.0375    0.0181 1139.7364 1059.5347    1.0744
   41.0000    0.0392    0.0973    0.2292    0.6389    0.0375    0.0181 1139.7364 1059.5347    1.0744
   42.0000    0.0392    0.0973    0.2292    0.6389    0.0375    0.0181 1139.7364 1059.5347    1.0744
   43.0000    0.0392    0.0973    0.2292    0.6389    0.0375    0.0181 1139.7364 1059.5347    1.0744
   44.0000    0.0392    0.0973    0.2292    0.6389    0.0375    0.0181 1139.7364 1059.5347    1.0744
   45.0000    0.0392    0.0973    0.2292    0.6389    0.0375    0.0181 1139.7364 1059.5347    1.0744
   46.0000    0.0392    0.0973    0.2292    0.6389    0.0375    0.0181 1139.7364 1059.5347    1.0744
   47.0000    0.0392    0.0973    0.2292    0.6389    0.0375    0.0181 1139.7364 1059.5347    1.0744
   48.0000    0.0392    0.0973    0.2292    0.6389    0.0375    0.0181 1139.7364 1059.5347    1.0744
   49.0000    0.0392    0.0973    0.2292    0.6389    0.0375    0.0181 1139.7364 1059.5347    1.0744
   50.0000    0.0392    0.0973    0.2292    0.6389    0.0375    0.0181 1139.7364 1059.5347    1.0744
   51.0000    0.0392    0.0973    0.2292    0.6389    0.0375    0.0181 1139.7364 1059.5347    1.0744
   52.0000    0.0392    0.0973    0.2292    0.6389    0.0375    0.0181 1139.7364 1059.5347    1.0744
   53.0000    0.0392    0.0973    0.2292    0.6389    0.0375    0.0181 1139.7364 1059.5347    1.0744
   54.0000    0.0392    0.0973    0.2292    0.6389    0.0375    0.0181 1139.7364 1059.5347    1.0744
   55.0000    0.0392    0.0973    0.2292    0.6389    0.0375    0.0181 1139.7364 1059.5347    1.0744
   56.0000    0.0392    0.0973    0.2292    0.6389    0.0375    0.0181 1139.7364 1059.5347    1.0744
   57.0000    0.0392    0.0973    0.2292    0.6389    0.0375    0.0181 1139.7364 1059.5347    1.0744
   58.0000    0.0392    0.0973    0.2292    0.6389    0.0375    0.0181 1139.7364 1059.5347    1.0744
   59.0000    0.0392    0.0973    0.2292    0.6389    0.0375    0.0181 1139.7364 1059.5347    1.0744
   60.0000    0.0392    0.0973    0.2292    0.6389    0.0375    0.0181 1139.7364 1059.5347    1.0744
   61.0000    0.0392    0.0973    0.2292    0.6389    0.0375    0.0181 1139.7364 1059.5347    1.0744
   62.0000    0.0392    0.0973    0.2292    0.6389    0.0375    0.0181 1139.7364 1059.5347    1.0744
   63.0000    0.0392    0.0973    0.2292    0.6389    0.0375    0.0181 1139.7364 1059.5347    1.0744
   64.0000    0.0392    0.0973    0.2292    0.6389    0.0375    0.0181 1139.7364 1059.5347    1.0744
   65.0000    0.0392    0.0973    0.2292    0.6389    0.0375    0.0181 1139.7364 1059.5347    1.0744
   66.0000    0.0392    0.0973    0.2292    0.6389    0.0375    0.0181 1139.7364 1059.5347    1.0744
   67.0000    0.0392    0.0973    0.2292    0.6389    0.0375    0.0181 1139.7364 1059.5347    1.0744
   68.0000    0.0392    0.0973    0.2292    0.6389    0.0375    0.0181 1139.7364 1059.5347    1.0744
   69.0000    0.0392    0.0973    0.2292    0.6389    0.0375    0.0181 1139.7364 1059.5347    1.0744
   70.0000    0.0392    0.0973    0.2292    0.6389    0.0375    0.0181 1139.7364 1059.5347    1.0744
   71.0000    0.0392    0.0973    0.2292    0.6389    0.0375    0.0181 1139.7364 1059.5347    1.0744
   72.0000    0.0392    0.0973    0.2292    0.6389    0.0375    0.0181 1139.7364 1059.5347    1.0744
   73.0000    0.0392    0.0973    0.2292    0.6389    0.0375    0.0181 1139.7364 1059.5347    1.0744
   74.0000    0.0392    0.0973    0.2292    0.6389    0.0375    0.0181 1139.7364 1059.5347    1.0744
   75.0000    0.0392    0.0973    0.2292    0.6389    0.0375    0.0181 1139.7364 1059.5347    1.0744
   76.0000    0.0392    0.0973    0.2292    0.6389    0.0375    0.0181 1139.7364 1059.5347    1.0744
   77.0000    0.0392    0.0973    0.2292    0.6389    0.0375    0.0181 1139.7364 1059.5347    1.0744
   78.0000    0.0392    0.0973    0.2292    0.6389    0.0375    0.0181 1139.7364 1059.5347    1.0744
   79.0000    0.0392    0.0973    0.2292    0.6389    0.0375    0.0181 1139.7364 1059.5347    1.0744
   80.0000    0.0392    0.0973    0.2292    0.6389    0.0375    0.0181 1139.7364 1059.5347    1.0744
   81.0000    0.0392    0.0973    0.2292    0.6389    0.0375    0.0181 1139.7364 1059.5347    1.0744
   82.0000    0.0392    0.0973    0.2292    0.6389    0.0375    0.0181 1139.7364 1059.5347    1.0744
   83.0000    0.0392    0.0973    0.2292    0.6389    0.0375    0.0181 1139.7364 1059.5347    1.0744
   84.0000    0.0392    0.0973    0.2292    0.6389    0.0375    0.0181 1139.7364 1059.5347    1.0744
   85.0000    0.0392    0.0973    0.2292    0.6389    0.0375    0.0181 1139.7364 1059.5347    1.0744
   86.0000    0.0392    0.0973    0.2292    0.6389    0.0375    0.0181 1139.7364 1059.5347    1.0744
   87.0000    0.0392    0.0973    0.2292    0.6389    0.0375    0.0181 1139.7364 1059.5347    1.0744
   88.0000    0.0392    0.0973    0.2292    0.6389    0.0375    0.0181 1139.7364 1059.5347    1.0744
   89.0000    0.0392    0.0973    0.2292    0.6389    0.0375    0.0181 1139.7364 1059.5347    1.0744
   90.0000    0.0392    0.0973    0.2292    0.6389    0.0375    0.0181 1139.7364 1059.5347    1.0744
   91.0000    0.0392    0.0973    0.2292    0.6389    0.0375    0.0181 1139.7364 1059.5347    1.0744
   92.0000    0.0392    0.0973    0.2292    0.6389    0.0375    0.0181 1139.7364 1059.5347    1.0744
   93.0000    0.0392    0.0973    0.2292    0.6389    0.0375    0.0181 1139.7364 1059.5347    1.0744
   94.0000    0.0392    0.0973    0.2292    0.6389    0.0375    0.0181 1139.7364 1059.5347    1.0744
   95.0000    0.0392    0.0973    0.2292    0.6389    0.0375    0.0181 1139.7364 1059.5347    1.0744
   96.0000    0.0392    0.0973    0.2292    0.6389    0.0375    0.0181 1139.7364 1059.5347    1.0744
   97.0000    0.0392    0.0973    0.2292    0.6389    0.0375    0.0181 1139.7364 1059.5347    1.0744
   98.0000    0.0392    0.0973    0.2292    0.6389    0.0375    0.0181 1139.7364 1059.5347    1.0744
   99.0000    0.0392    0.0973    0.2292    0.6389    0.0375    0.0181 1139.7364 1059.5347    1.0744
  100.0000    0.0392    0.0973    0.2292    0.6389    0.0375    0.0181 1139.7364 1059.5347    1.0744
