         t         y         k       L_H       L_L       c_H       c_L       V_H       V_L      V_HL
    0.0000    0.0497    0.1249    0.2292    0.6389    0.0390    0.0182 1086.9756 1007.3213    1.1405
    1.0000    0.0470    0.1249    0.1909    0.6224    0.0388    0.0181 1087.9100 1008.1871    1.1405
    2.0000    0.0464    0.1249    0.1909    0.6256    0.0387    0.0181 1088.8551 1009.0629    1.1405
    3.0000    0.0457    0.1249    0.1908    0.6273    0.0385    0.0180 1089.8101 1009.9479    1.1405
    4.0000    0.0449    0.1249    0.1907    0.6303    0.0384    0.0179 1090.7745 1010.8417    1.1405
    5.0000    0.0442    0.1247    0.1907    0.6316    0.0383    0.0179 1091.7476 1011.7434    1.1405
    6.0000    0.0435    0.1244    0.1910    0.6347    0.0381    0.0178 1092.7296 1012.6534    1.1405
    7.0000    0.0431    0.1238    0.1911    0.6379    0.0380    0.0178 1093.7158 1013.5673    1.1405
    8.0000    0.0429    0.1228    0.1918    0.6387    0.0379    0.0177 1094.7106 1014.4891    1.1405
    9.0000    0.0425    0.1211    0.1930    0.6313    0.0379    0.0177 1095.6963 1015.4026    1.1405
   10.0000    0.0422    0.1188    0.1937    0.6384    0.0378    0.0177 1096.6518 1016.2880    1.1405
   11.0000    0.0419    0.1159    0.2016    0.6380    0.0378    0.0176 1097.5540 1017.1241    1.1405
   12.0000    0.0409    0.1125    0.2036    0.6201    0.0377    0.0176 1098.3322 1017.8452    1.1405
   13.0000    0.0399    0.1089    0.2046    0.6066    0.0377    0.0176 1099.0344 1018.4959    1.1405
   14.0000    0.0387    0.1049    0.2071    0.5833    0.0376    0.0176 1099.7206 1019.1318    1.1405
   15.0000    0.0377    0.1008    0.2068    0.5735    0.0376    0.0176 1100.3065 1019.6748    1.1405
   16.0000    0.0369    0.0973    0.2055    0.5703    0.0376    0.0176 1100.7778 1020.1115    1.1405
   17.0000    0.0367    0.0953    0.2074    0.5762    0.0376    0.0176 1101.1557 1020.4616    1.1405
   18.0000    0.0365    0.0952    0.2062    0.5725    0.0376    0.0176 1101.4596 1020.7433    1.1405
   19.0000    0.0363    0.0952    0.2084    0.5657    0.0375    0.0175 1101.7294 1020.9932    1.1405
   20.0000    0.0364    0.0952    0.2081    0.5698    0.0375    0.0175 1102.0205 1021.2629    1.1405
   21.0000    0.0363    0.0952    0.2060    0.5707    0.0374    0.0175 1102.3070 1021.5285    1.1405
   22.0000    0.0364    0.0952    0.2088    0.5697    0.0374    0.0175 1102.6197 1021.8181    1.1405
   23.0000    0.0366    0.0952    0.2096    0.5798    0.0373    0.0174 1102.8622 1022.0429    1.1405
   24.0000    0.0366    0.0952    0.2113    0.5746    0.0373    0.0174 1103.0064 1022.1764    1.1405
   25.0000    0.0366    0.0952    0.2099    0.5791    0.0372    0.0174 1103.1668 1022.3251    1.1405
   26.0000    0.0366    0.0952    0.2078    0.5809    0.0371    0.0173 1103.3274 1022.4739    1.1405
   27.0000    0.0370    0.0952    0.2150    0.5887    0.0371    0.0173 1103.4946 1022.6287    1.1405
   28.0000    0.0370    0.0952    0.2135    0.5929    0.0370    0.0173 1103.5491 1022.6793    1.1405
   29.0000    0.0370    0.0952    0.2116    0.5961    0.0369    0.0173 1103.6060 1022.7319    1.1405
   30.0000    0.0374    0.0952    0.2145    0.6076    0.0369    0.0172 1103.6623 1022.7840    1.1405
   31.0000    0.0379    0.0952    0.2210    0.6229    0.0369    0.0172 1103.6697 1022.7909    1.1405
   32.0000    0.0380    0.0952    0.2209    0.6259    0.0369    0.0172 1103.6701 1022.7912    1.1405
   33.0000    0.0380    0.0952    0.2209    0.6259    0.0369    0.0172 1103.6703 1022.7913    1.1405
   34.0000    0.0380    0.0952    0.2209    0.6259    0.0369    0.0172 1103.6705 1022.7914    1.1405
   35.0000    0.0380    0.0952    0.2209    0.6259    0.0369    0.0172 1103.6705 1022.7915    1.1405
   36.0000    0.0380    0.0952    0.2209    0.6259    0.0369    0.0172 1103.6706 1022.7914    1.1405
   37.0000    0.0380    0.0952    0.2209    0.6259    0.0369    0.0172 1103.6706 1022.7914    1.1405
   38.0000    0.0380    0.0952    0.2209    0.6259    0.0369    0.0172 1103.6706 1022.7914    1.1405
   39.0000    0.0380    0.0952    0.2209    0.6259    0.0369    0.0172 1103.6706 1022.7914    1.1405
   40.0000    0.0380    0.0952    0.2209    0.6259    0.0369    0.0172 1103.6707 1022.7914    1.1405
   41.0000    0.0380    0.0952    0.2209    0.6259    0.0369    0.0172 1103.6707 1022.7913    1.1405
   42.0000    0.0380    0.0952    0.2209    0.6259    0.0369    0.0172 1103.6707 1022.7913    1.1405
   43.0000    0.0380    0.0952    0.2209    0.6259    0.0369    0.0172 1103.6707 1022.7913    1.1405
   44.0000    0.0380    0.0952    0.2209    0.6259    0.0369    0.0172 1103.6708 1022.7913    1.1405
   45.0000    0.0380    0.0952    0.2209    0.6259    0.0369    0.0172 1103.6708 1022.7913    1.1406
   46.0000    0.0380    0.0952    0.2209    0.6259    0.0369    0.0172 1103.6708 1022.7912    1.1406
   47.0000    0.0380    0.0952    0.2209    0.6259    0.0369    0.0172 1103.6708 1022.7912    1.1406
   48.0000    0.0380    0.0952    0.2209    0.6259    0.0369    0.0172 1103.6709 1022.7912    1.1406
   49.0000    0.0380    0.0952    0.2209    0.6259    0.0369    0.0172 1103.6709 1022.7912    1.1406
   50.0000    0.0380    0.0952    0.2209    0.6259    0.0369    0.0172 1103.6709 1022.7912    1.1406
   51.0000    0.0380    0.0952    0.2209    0.6259    0.0369    0.0172 1103.6709 1022.7911    1.1406
   52.0000    0.0380    0.0952    0.2209    0.6259    0.0369    0.0172 1103.6710 1022.7911    1.1406
   53.0000    0.0380    0.0952    0.2209    0.6259    0.0369    0.0172 1103.6710 1022.7911    1.1406
   54.0000    0.0380    0.0952    0.2209    0.6259    0.0369    0.0172 1103.6710 1022.7911    1.1406
   55.0000    0.0380    0.0952    0.2209    0.6259    0.0369    0.0172 1103.6710 1022.7910    1.1406
   56.0000    0.0380    0.0952    0.2209    0.6259    0.0369    0.0172 1103.6711 1022.7910    1.1406
   57.0000    0.0380    0.0952    0.2209    0.6259    0.0369    0.0172 1103.6711 1022.7910    1.1406
   58.0000    0.0380    0.0952    0.2209    0.6259    0.0369    0.0172 1103.6711 1022.7910    1.1406
   59.0000    0.0380    0.0952    0.2209    0.6259    0.0369    0.0172 1103.6712 1022.7909    1.1406
   60.0000    0.0380    0.0952    0.2209    0.6259    0.0369    0.0172 1103.6712 1022.7909    1.1406
   61.0000    0.0380    0.0952    0.2209    0.6259    0.0369    0.0172 1103.6712 1022.7909    1.1406
   62.0000    0.0380    0.0952    0.2209    0.6259    0.0369    0.0172 1103.6712 1022.7909    1.1406
   63.0000    0.0380    0.0952    0.2209    0.6259    0.0369    0.0172 1103.6713 1022.7908    1.1406
   64.0000    0.0380    0.0952    0.2209    0.6259    0.0369    0.0172 1103.6713 1022.7908    1.1406
   65.0000    0.0380    0.0952    0.2209    0.6259    0.0369    0.0172 1103.6713 1022.7908    1.1406
   66.0000    0.0380    0.0952    0.2209    0.6259    0.0369    0.0172 1103.6714 1022.7908    1.1406
   67.0000    0.0380    0.0952    0.2209    0.6259    0.0369    0.0172 1103.6714 1022.7908    1.1406
   68.0000    0.0380    0.0952    0.2209    0.6259    0.0369    0.0172 1103.6714 1022.7907    1.1406
   69.0000    0.0380    0.0952    0.2209    0.6259    0.0369    0.0172 1103.6714 1022.7907    1.1406
   70.0000    0.0380    0.0952    0.2209    0.6259    0.0369    0.0172 1103.6715 1022.7907    1.1406
   71.0000    0.0380    0.0952    0.2209    0.6259    0.0369    0.0172 1103.6715 1022.7907    1.1406
   72.0000    0.0380    0.0952    0.2209    0.6259    0.0369    0.0172 1103.6715 1022.7906    1.1406
   73.0000    0.0380    0.0952    0.2209    0.6259    0.0369    0.0172 1103.6716 1022.7906    1.1406
   74.0000    0.0380    0.0952    0.2209    0.6259    0.0369    0.0172 1103.6716 1022.7906    1.1406
   75.0000    0.0380    0.0952    0.2209    0.6259    0.0369    0.0172 1103.6716 1022.7905    1.1406
   76.0000    0.0380    0.0952    0.2209    0.6259    0.0369    0.0172 1103.6717 1022.7905    1.1406
   77.0000    0.0380    0.0952    0.2209    0.6259    0.0369    0.0172 1103.6717 1022.7905    1.1406
   78.0000    0.0380    0.0952    0.2209    0.6259    0.0369    0.0172 1103.6717 1022.7905    1.1406
   79.0000    0.0380    0.0952    0.2209    0.6259    0.0369    0.0172 1103.6718 1022.7904    1.1406
   80.0000    0.0380    0.0952    0.2209    0.6259    0.0369    0.0172 1103.6718 1022.7904    1.1406
   81.0000    0.0380    0.0952    0.2209    0.6259    0.0369    0.0172 1103.6718 1022.7904    1.1406
   82.0000    0.0380    0.0952    0.2209    0.6259    0.0369    0.0172 1103.6718 1022.7904    1.1406
   83.0000    0.0380    0.0952    0.2209    0.6259    0.0369    0.0172 1103.6719 1022.7903    1.1406
   84.0000    0.0380    0.0952    0.2209    0.6259    0.0369    0.0172 1103.6719 1022.7903    1.1406
   85.0000    0.0380    0.0952    0.2209    0.6259    0.0369    0.0172 1103.6719 1022.7903    1.1406
   86.0000    0.0380    0.0952    0.2209    0.6259    0.0369    0.0172 1103.6720 1022.7903    1.1406
   87.0000    0.0380    0.0952    0.2209    0.6259    0.0369    0.0172 1103.6720 1022.7902    1.1406
   88.0000    0.0380    0.0952    0.2209    0.6259    0.0369    0.0172 1103.6720 1022.7902    1.1406
   89.0000    0.0380    0.0952    0.2209    0.6259    0.0369    0.0172 1103.6721 1022.7902    1.1406
   90.0000    0.0380    0.0952    0.2209    0.6259    0.0369    0.0172 1103.6721 1022.7901    1.1406
   91.0000    0.0380    0.0952    0.2209    0.6259    0.0369    0.0172 1103.6721 1022.7901    1.1406
   92.0000    0.0380    0.0952    0.2209    0.6259    0.0369    0.0172 1103.6722 1022.7901    1.1406
   93.0000    0.0380    0.0952    0.2209    0.6259    0.0369    0.0172 1103.6722 1022.7901    1.1406
   94.0000    0.0380    0.0952    0.2209    0.6259    0.0369    0.0172 1103.6723 1022.7900    1.1406
   95.0000    0.0380    0.0952    0.2209    0.6259    0.0369    0.0172 1103.6723 1022.7900    1.1406
   96.0000    0.0380    0.0952    0.2209    0.6259    0.0369    0.0172 1103.6723 1022.7900    1.1406
   97.0000    0.0380    0.0952    0.2209    0.6259    0.0369    0.0172 1103.6724 1022.7899    1.1406
   98.0000    0.0380    0.0952    0.2209    0.6259    0.0369    0.0172 1103.6724 1022.7899    1.1406
   99.0000    0.0380    0.0952    0.2209    0.6259    0.0369    0.0172 1103.6724 1022.7899    1.1406
  100.0000    0.0380    0.0952    0.2209    0.6259    0.0369    0.0172 1103.6725 1022.7898    1.1406
