         t         N         I         S      h_HL       h_H       h_L       Eta   Gamma_H   Gamma_L
    0.0000    1.0000    0.6818    0.9068   -0.8098   -0.8098    0.0000    0.6495    0.0622    0.0963
    0.5000    1.0093    0.6881    0.9165   -0.8093   -0.8079    0.0014    0.6562    0.0555    0.0987
    1.0000    1.0186    0.6950    0.9183   -0.8088   -0.8060    0.0028    0.6637    0.0543    0.0966
    1.5000    1.0278    0.7018    0.9198   -0.8083   -0.8041    0.0042    0.6710    0.0532    0.0944
    2.0000    1.0371    0.7086    0.9211   -0.8078   -0.8022    0.0056    0.6783    0.0524    0.0920
    2.5000    1.0464    0.7154    0.9229   -0.8073   -0.8003    0.0070    0.6856    0.0511    0.0899
    3.0000    1.0557    0.7222    0.9247   -0.8067   -0.7983    0.0084    0.6930    0.0499    0.0878
    3.5000    1.0650    0.7290    0.9263   -0.8062   -0.7964    0.0097    0.7003    0.0488    0.0855
    4.0000    1.0742    0.7358    0.9279   -0.8056   -0.7945    0.0111    0.7078    0.0476    0.0833
    4.5000    1.0835    0.7427    0.9296   -0.8051   -0.7926    0.0125    0.7152    0.0465    0.0811
    5.0000    1.0928    0.7495    0.9312   -0.8045   -0.7907    0.0138    0.7226    0.0453    0.0788
    5.5000    1.1021    0.7563    0.9329   -0.8039   -0.7887    0.0151    0.7300    0.0442    0.0766
    6.0000    1.1113    0.7588    0.9334   -0.8034   -0.7868    0.0165    0.7327    0.0438    0.0757
    6.5000    1.1206    0.7588    0.9335   -0.8028   -0.7849    0.0178    0.7327    0.0438    0.0757
    7.0000    1.1299    0.7588    0.9335   -0.8022   -0.7830    0.0191    0.7327    0.0438    0.0757
    7.5000    1.1392    0.7588    0.9335   -0.8016   -0.7811    0.0205    0.7327    0.0438    0.0756
    8.0000    1.1485    0.7588    0.9334   -0.8010   -0.7792    0.0218    0.7327    0.0438    0.0755
    8.5000    1.1577    0.7588    0.9335   -0.8004   -0.7772    0.0231    0.7327    0.0438    0.0755
    9.0000    1.1670    0.7588    0.9335   -0.7998   -0.7753    0.0245    0.7327    0.0438    0.0755
    9.5000    1.1763    0.7588    0.9334   -0.7993   -0.7734    0.0258    0.7327    0.0438    0.0754
   10.0000    1.1856    0.7588    0.9334   -0.7987   -0.7715    0.0271    0.7327    0.0438    0.0753
   10.5000    1.1949    0.7588    0.9334   -0.7981   -0.7696    0.0285    0.7327    0.0438    0.0753
   11.0000    1.2041    0.7588    0.9334   -0.7975   -0.7676    0.0298    0.7327    0.0438    0.0753
   11.5000    1.2134    0.7588    0.9334   -0.7969   -0.7657    0.0312    0.7327    0.0439    0.0752
   12.0000    1.2227    0.7588    0.9333   -0.7963   -0.7638    0.0325    0.7327    0.0439    0.0751
   12.5000    1.2320    0.7588    0.9333   -0.7957   -0.7619    0.0338    0.7327    0.0439    0.0751
   13.0000    1.2413    0.7588    0.9333   -0.7950   -0.7600    0.0352    0.7327    0.0439    0.0750
   13.5000    1.2505    0.7588    0.9333   -0.7944   -0.7580    0.0365    0.7327    0.0439    0.0749
   14.0000    1.2598    0.7588    0.9334   -0.7936   -0.7561    0.0378    0.7327    0.0439    0.0749
   14.5000    1.2691    0.7588    0.9332   -0.7928   -0.7542    0.0392    0.7327    0.0440    0.0748
   15.0000    1.2784    0.7588    0.9333   -0.7918   -0.7523    0.0405    0.7327    0.0439    0.0748
   15.5000    1.2876    0.7588    0.9331   -0.7906   -0.7504    0.0419    0.7327    0.0440    0.0746
   16.0000    1.2969    0.7588    0.9332   -0.7892   -0.7484    0.0432    0.7327    0.0440    0.0745
   16.5000    1.3062    0.7588    0.9332   -0.7875   -0.7465    0.0445    0.7327    0.0440    0.0744
   17.0000    1.3155    0.7588    0.9332   -0.7854   -0.7446    0.0459    0.7327    0.0440    0.0742
   17.5000    1.3248    0.7588    0.9329   -0.7828   -0.7427    0.0472    0.7327    0.0442    0.0739
   18.0000    1.3340    0.7588    0.9330   -0.7798   -0.7408    0.0485    0.7327    0.0441    0.0737
   18.5000    1.3433    0.7588    0.9330   -0.7762   -0.7389    0.0499    0.7327    0.0441    0.0735
   19.0000    1.3526    0.7588    0.9329   -0.7721   -0.7369    0.0512    0.7327    0.0442    0.0731
   19.5000    1.3619    0.7588    0.9327   -0.7676   -0.7350    0.0525    0.7327    0.0443    0.0727
   20.0000    1.3712    0.7588    0.9326   -0.7625   -0.7331    0.0539    0.7327    0.0444    0.0723
   20.5000    1.3804    0.7588    0.9333   -0.7572   -0.7312    0.0551    0.7327    0.0439    0.0722
   21.0000    1.3897    0.7588    0.9322   -0.7515   -0.7293    0.0564    0.7327    0.0447    0.0713
   21.5000    1.3990    0.7588    0.9316   -0.7459   -0.7275    0.0577    0.7327    0.0451    0.0706
   22.0000    1.4084    0.7588    0.9310   -0.7405   -0.7257    0.0590    0.7327    0.0455    0.0699
   22.5000    1.4177    0.7588    0.9302   -0.7353   -0.7239    0.0603    0.7327    0.0461    0.0691
   23.0000    1.4273    0.7588    0.9290   -0.7305   -0.7221    0.0615    0.7327    0.0469    0.0682
   23.5000    1.4372    0.7588    0.9271   -0.7261   -0.7205    0.0628    0.7327    0.0482    0.0670
   24.0000    1.4473    0.7588    0.9261   -0.7221   -0.7188    0.0641    0.7327    0.0489    0.0663
   24.5000    1.4577    0.7588    0.9254   -0.7186   -0.7171    0.0655    0.7327    0.0494    0.0657
   25.0000    1.4682    0.7588    0.9235   -0.7157   -0.7155    0.0670    0.7327    0.0507    0.0646
   25.5000    1.4788    0.7588    0.9233   -0.7130   -0.7138    0.0685    0.7327    0.0508    0.0643
   26.0000    1.4895    0.7588    0.9233   -0.7108   -0.7122    0.0700    0.7327    0.0508    0.0642
   26.5000    1.5002    0.7588    0.9224   -0.7090   -0.7105    0.0715    0.7327    0.0515    0.0636
   27.0000    1.5109    0.7588    0.9225   -0.7075   -0.7089    0.0730    0.7327    0.0514    0.0636
   27.5000    1.5216    0.7588    0.9230   -0.7063   -0.7073    0.0745    0.7327    0.0510    0.0638
   28.0000    1.5324    0.7588    0.9217   -0.7055   -0.7057    0.0761    0.7327    0.0520    0.0631
   28.5000    1.5433    0.7588    0.9222   -0.7049   -0.7041    0.0776    0.7327    0.0516    0.0633
   29.0000    1.5543    0.7588    0.9226   -0.7046   -0.7025    0.0791    0.7327    0.0513    0.0635
   29.5000    1.5658    0.7588    0.9223   -0.7044   -0.7011    0.0805    0.7327    0.0515    0.0633
   30.0000    1.5773    0.7588    0.9223   -0.7044   -0.6997    0.0818    0.7327    0.0515    0.0633
   30.5000    1.5888    0.7588    0.9223   -0.7044   -0.6983    0.0832    0.7327    0.0515    0.0633
   31.0000    1.6003    0.7588    0.9223   -0.7043   -0.6970    0.0846    0.7327    0.0515    0.0633
   31.5000    1.6119    0.7588    0.9223   -0.7043   -0.6956    0.0860    0.7327    0.0515    0.0633
   32.0000    1.6234    0.7588    0.9223   -0.7043   -0.6942    0.0873    0.7327    0.0515    0.0633
   32.5000    1.6349    0.7588    0.9223   -0.7043   -0.6929    0.0887    0.7327    0.0515    0.0633
   33.0000    1.6464    0.7588    0.9223   -0.7043   -0.6915    0.0901    0.7327    0.0515    0.0633
   33.5000    1.6579    0.7588    0.9223   -0.7043   -0.6901    0.0914    0.7327    0.0515    0.0633
   34.0000    1.6694    0.7588    0.9223   -0.7043   -0.6887    0.0928    0.7327    0.0515    0.0633
   34.5000    1.6809    0.7588    0.9223   -0.7043   -0.6874    0.0942    0.7327    0.0515    0.0633
   35.0000    1.6924    0.7588    0.9223   -0.7043   -0.6860    0.0956    0.7327    0.0515    0.0633
   35.5000    1.7039    0.7588    0.9223   -0.7043   -0.6846    0.0969    0.7327    0.0515    0.0633
   36.0000    1.7154    0.7588    0.9223   -0.7043   -0.6833    0.0983    0.7327    0.0515    0.0633
   36.5000    1.7270    0.7588    0.9223   -0.7043   -0.6819    0.0997    0.7327    0.0515    0.0633
   37.0000    1.7385    0.7588    0.9223   -0.7043   -0.6805    0.1010    0.7327    0.0515    0.0633
   37.5000    1.7500    0.7588    0.9223   -0.7043   -0.6791    0.1024    0.7327    0.0515    0.0633
   38.0000    1.7615    0.7588    0.9223   -0.7043   -0.6778    0.1038    0.7327    0.0515    0.0633
   38.5000    1.7730    0.7588    0.9223   -0.7043   -0.6764    0.1052    0.7327    0.0515    0.0633
   39.0000    1.7845    0.7588    0.9223   -0.7043   -0.6750    0.1065    0.7327    0.0515    0.0633
   39.5000    1.7960    0.7588    0.9223   -0.7043   -0.6737    0.1079    0.7327    0.0515    0.0633
   40.0000    1.8075    0.7588    0.9223   -0.7043   -0.6723    0.1093    0.7327    0.0515    0.0633
   40.5000    1.8190    0.7588    0.9223   -0.7043   -0.6709    0.1106    0.7327    0.0515    0.0633
   41.0000    1.8305    0.7588    0.9223   -0.7043   -0.6695    0.1120    0.7327    0.0515    0.0633
   41.5000    1.8421    0.7588    0.9223   -0.7043   -0.6682    0.1134    0.7327    0.0515    0.0633
   42.0000    1.8536    0.7588    0.9223   -0.7043   -0.6668    0.1148    0.7327    0.0515    0.0633
   42.5000    1.8651    0.7588    0.9223   -0.7043   -0.6654    0.1161    0.7327    0.0515    0.0633
   43.0000    1.8766    0.7588    0.9223   -0.7043   -0.6641    0.1175    0.7327    0.0515    0.0633
   43.5000    1.8881    0.7588    0.9223   -0.7043   -0.6627    0.1189    0.7327    0.0515    0.0633
   44.0000    1.8996    0.7588    0.9223   -0.7043   -0.6613    0.1202    0.7327    0.0515    0.0633
   44.5000    1.9111    0.7588    0.9223   -0.7043   -0.6599    0.1216    0.7327    0.0515    0.0633
   45.0000    1.9226    0.7588    0.9223   -0.7043   -0.6586    0.1230    0.7327    0.0515    0.0633
   45.5000    1.9341    0.7588    0.9223   -0.7043   -0.6572    0.1244    0.7327    0.0515    0.0633
   46.0000    1.9456    0.7588    0.9223   -0.7043   -0.6558    0.1257    0.7327    0.0515    0.0633
   46.5000    1.9572    0.7588    0.9223   -0.7043   -0.6545    0.1271    0.7327    0.0515    0.0633
   47.0000    1.9687    0.7588    0.9223   -0.7043   -0.6531    0.1285    0.7327    0.0515    0.0633
   47.5000    1.9802    0.7588    0.9223   -0.7043   -0.6517    0.1298    0.7327    0.0515    0.0633
   48.0000    1.9917    0.7588    0.9223   -0.7043   -0.6503    0.1312    0.7327    0.0515    0.0633
   48.5000    2.0032    0.7588    0.9223   -0.7043   -0.6490    0.1326    0.7327    0.0515    0.0633
   49.0000    2.0147    0.7588    0.9223   -0.7043   -0.6476    0.1340    0.7327    0.0515    0.0633
   49.5000    2.0262    0.7588    0.9223   -0.7043   -0.6462    0.1353    0.7327    0.0515    0.0633
   50.0000    2.0377    0.7588    0.9223   -0.7043   -0.6449    0.1367    0.7327    0.0515    0.0633
   50.5000    2.0492    0.7588    0.9223   -0.7043   -0.6435    0.1381    0.7327    0.0515    0.0633
   51.0000    2.0607    0.7588    0.9223   -0.7043   -0.6421    0.1394    0.7327    0.0515    0.0633
   51.5000    2.0723    0.7588    0.9223   -0.7043   -0.6407    0.1408    0.7327    0.0515    0.0633
   52.0000    2.0838    0.7588    0.9223   -0.7043   -0.6394    0.1422    0.7327    0.0515    0.0633
   52.5000    2.0953    0.7588    0.9223   -0.7043   -0.6380    0.1436    0.7327    0.0515    0.0633
   53.0000    2.1068    0.7588    0.9223   -0.7043   -0.6366    0.1449    0.7327    0.0515    0.0633
   53.5000    2.1183    0.7588    0.9223   -0.7043   -0.6353    0.1463    0.7327    0.0515    0.0633
   54.0000    2.1298    0.7588    0.9223   -0.7043   -0.6339    0.1477    0.7327    0.0515    0.0633
   54.5000    2.1413    0.7588    0.9223   -0.7043   -0.6325    0.1490    0.7327    0.0515    0.0633
   55.0000    2.1528    0.7588    0.9223   -0.7043   -0.6311    0.1504    0.7327    0.0515    0.0633
   55.5000    2.1643    0.7588    0.9223   -0.7043   -0.6298    0.1518    0.7327    0.0515    0.0633
   56.0000    2.1758    0.7588    0.9223   -0.7043   -0.6284    0.1532    0.7327    0.0515    0.0633
   56.5000    2.1874    0.7588    0.9223   -0.7043   -0.6270    0.1545    0.7327    0.0515    0.0633
   57.0000    2.1989    0.7588    0.9223   -0.7043   -0.6257    0.1559    0.7327    0.0515    0.0633
   57.5000    2.2104    0.7588    0.9223   -0.7043   -0.6243    0.1573    0.7327    0.0515    0.0633
   58.0000    2.2219    0.7588    0.9223   -0.7043   -0.6229    0.1586    0.7327    0.0515    0.0633
   58.5000    2.2334    0.7588    0.9223   -0.7043   -0.6215    0.1600    0.7327    0.0515    0.0633
   59.0000    2.2449    0.7588    0.9223   -0.7043   -0.6202    0.1614    0.7327    0.0515    0.0633
   59.5000    2.2564    0.7588    0.9223   -0.7043   -0.6188    0.1628    0.7327    0.0515    0.0633
   60.0000    2.2679    0.7588    0.9223   -0.7043   -0.6174    0.1641    0.7327    0.0515    0.0633
   60.5000    2.2794    0.7588    0.9223   -0.7043   -0.6161    0.1655    0.7327    0.0515    0.0633
   61.0000    2.2909    0.7588    0.9223   -0.7043   -0.6147    0.1669    0.7327    0.0515    0.0633
   61.5000    2.3025    0.7588    0.9223   -0.7043   -0.6133    0.1682    0.7327    0.0515    0.0633
   62.0000    2.3140    0.7588    0.9223   -0.7043   -0.6119    0.1696    0.7327    0.0515    0.0633
   62.5000    2.3255    0.7588    0.9223   -0.7043   -0.6106    0.1710    0.7327    0.0515    0.0633
   63.0000    2.3370    0.7588    0.9223   -0.7043   -0.6092    0.1724    0.7327    0.0515    0.0633
   63.5000    2.3485    0.7588    0.9223   -0.7043   -0.6078    0.1737    0.7327    0.0515    0.0633
   64.0000    2.3600    0.7588    0.9223   -0.7043   -0.6065    0.1751    0.7327    0.0515    0.0633
   64.5000    2.3715    0.7588    0.9223   -0.7043   -0.6051    0.1765    0.7327    0.0515    0.0633
   65.0000    2.3830    0.7588    0.9223   -0.7043   -0.6037    0.1778    0.7327    0.0515    0.0633
   65.5000    2.3945    0.7588    0.9223   -0.7043   -0.6023    0.1792    0.7327    0.0515    0.0633
   66.0000    2.4060    0.7588    0.9223   -0.7043   -0.6010    0.1806    0.7327    0.0515    0.0633
   66.5000    2.4176    0.7588    0.9223   -0.7043   -0.5996    0.1820    0.7327    0.0515    0.0633
   67.0000    2.4291    0.7588    0.9223   -0.7043   -0.5982    0.1833    0.7327    0.0515    0.0633
   67.5000    2.4406    0.7588    0.9223   -0.7043   -0.5969    0.1847    0.7327    0.0515    0.0633
   68.0000    2.4521    0.7588    0.9223   -0.7043   -0.5955    0.1861    0.7327    0.0515    0.0633
   68.5000    2.4636    0.7588    0.9223   -0.7043   -0.5941    0.1874    0.7327    0.0515    0.0633
   69.0000    2.4751    0.7588    0.9223   -0.7043   -0.5927    0.1888    0.7327    0.0515    0.0633
   69.5000    2.4866    0.7588    0.9223   -0.7043   -0.5914    0.1902    0.7327    0.0515    0.0633
   70.0000    2.4981    0.7588    0.9223   -0.7043   -0.5900    0.1916    0.7327    0.0515    0.0633
   70.5000    2.5096    0.7588    0.9223   -0.7043   -0.5886    0.1929    0.7327    0.0515    0.0633
   71.0000    2.5211    0.7588    0.9223   -0.7043   -0.5873    0.1943    0.7327    0.0515    0.0633
   71.5000    2.5327    0.7588    0.9223   -0.7043   -0.5859    0.1957    0.7327    0.0515    0.0633
   72.0000    2.5442    0.7588    0.9223   -0.7043   -0.5845    0.1970    0.7327    0.0515    0.0633
   72.5000    2.5557    0.7588    0.9223   -0.7043   -0.5831    0.1984    0.7327    0.0515    0.0633
   73.0000    2.5672    0.7588    0.9223   -0.7043   -0.5818    0.1998    0.7327    0.0515    0.0633
   73.5000    2.5787    0.7588    0.9223   -0.7043   -0.5804    0.2012    0.7327    0.0515    0.0633
   74.0000    2.5902    0.7588    0.9223   -0.7043   -0.5790    0.2025    0.7327    0.0515    0.0633
   74.5000    2.6017    0.7588    0.9223   -0.7043   -0.5777    0.2039    0.7327    0.0515    0.0633
   75.0000    2.6132    0.7588    0.9223   -0.7043   -0.5763    0.2053    0.7327    0.0515    0.0633
   75.5000    2.6247    0.7588    0.9223   -0.7043   -0.5749    0.2066    0.7327    0.0515    0.0633
   76.0000    2.6362    0.7588    0.9223   -0.7043   -0.5735    0.2080    0.7327    0.0515    0.0633
   76.5000    2.6478    0.7588    0.9223   -0.7043   -0.5722    0.2094    0.7327    0.0515    0.0633
   77.0000    2.6593    0.7588    0.9223   -0.7043   -0.5708    0.2108    0.7327    0.0515    0.0633
   77.5000    2.6708    0.7588    0.9223   -0.7043   -0.5694    0.2121    0.7327    0.0515    0.0633
   78.0000    2.6823    0.7588    0.9223   -0.7043   -0.5681    0.2135    0.7327    0.0515    0.0633
   78.5000    2.6938    0.7588    0.9223   -0.7043   -0.5667    0.2149    0.7327    0.0515    0.0633
   79.0000    2.7053    0.7588    0.9223   -0.7043   -0.5653    0.2162    0.7327    0.0515    0.0633
   79.5000    2.7168    0.7588    0.9223   -0.7043   -0.5639    0.2176    0.7327    0.0515    0.0633
   80.0000    2.7283    0.7588    0.9223   -0.7043   -0.5626    0.2190    0.7327    0.0515    0.0633
   80.5000    2.7398    0.7588    0.9223   -0.7043   -0.5612    0.2204    0.7327    0.0515    0.0633
   81.0000    2.7513    0.7588    0.9223   -0.7043   -0.5598    0.2217    0.7327    0.0515    0.0633
   81.5000    2.7629    0.7588    0.9223   -0.7043   -0.5585    0.2231    0.7327    0.0515    0.0633
   82.0000    2.7744    0.7588    0.9223   -0.7043   -0.5571    0.2245    0.7327    0.0515    0.0633
   82.5000    2.7859    0.7588    0.9223   -0.7043   -0.5557    0.2258    0.7327    0.0515    0.0633
   83.0000    2.7974    0.7588    0.9223   -0.7043   -0.5543    0.2272    0.7327    0.0515    0.0633
   83.5000    2.8089    0.7588    0.9223   -0.7043   -0.5530    0.2286    0.7327    0.0515    0.0633
   84.0000    2.8204    0.7588    0.9223   -0.7043   -0.5516    0.2300    0.7327    0.0515    0.0633
   84.5000    2.8319    0.7588    0.9223   -0.7043   -0.5502    0.2313    0.7327    0.0515    0.0633
   85.0000    2.8434    0.7588    0.9223   -0.7043   -0.5489    0.2327    0.7327    0.0515    0.0633
   85.5000    2.8549    0.7588    0.9223   -0.7043   -0.5475    0.2341    0.7327    0.0515    0.0633
   86.0000    2.8664    0.7588    0.9223   -0.7043   -0.5461    0.2354    0.7327    0.0515    0.0633
   86.5000    2.8780    0.7588    0.9223   -0.7043   -0.5447    0.2368    0.7327    0.0515    0.0633
   87.0000    2.8895    0.7588    0.9223   -0.7043   -0.5434    0.2382    0.7327    0.0515    0.0633
   87.5000    2.9010    0.7588    0.9223   -0.7043   -0.5420    0.2396    0.7327    0.0515    0.0633
   88.0000    2.9125    0.7588    0.9223   -0.7043   -0.5406    0.2409    0.7327    0.0515    0.0633
   88.5000    2.9240    0.7588    0.9223   -0.7043   -0.5393    0.2423    0.7327    0.0515    0.0633
   89.0000    2.9355    0.7588    0.9223   -0.7043   -0.5379    0.2437    0.7327    0.0515    0.0633
   89.5000    2.9470    0.7588    0.9223   -0.7043   -0.5365    0.2450    0.7327    0.0515    0.0633
   90.0000    2.9585    0.7588    0.9223   -0.7043   -0.5351    0.2464    0.7327    0.0515    0.0633
   90.5000    2.9700    0.7588    0.9223   -0.7043   -0.5338    0.2478    0.7327    0.0515    0.0633
   91.0000    2.9815    0.7588    0.9223   -0.7043   -0.5324    0.2492    0.7327    0.0515    0.0633
   91.5000    2.9931    0.7588    0.9223   -0.7043   -0.5310    0.2505    0.7327    0.0515    0.0633
   92.0000    3.0046    0.7588    0.9223   -0.7043   -0.5297    0.2519    0.7327    0.0515    0.0633
   92.5000    3.0161    0.7588    0.9223   -0.7043   -0.5283    0.2533    0.7327    0.0515    0.0633
   93.0000    3.0276    0.7588    0.9223   -0.7043   -0.5269    0.2546    0.7327    0.0515    0.0633
   93.5000    3.0391    0.7588    0.9223   -0.7043   -0.5255    0.2560    0.7327    0.0515    0.0633
   94.0000    3.0506    0.7588    0.9223   -0.7043   -0.5242    0.2574    0.7327    0.0515    0.0633
   94.5000    3.0621    0.7588    0.9223   -0.7043   -0.5228    0.2588    0.7327    0.0515    0.0633
   95.0000    3.0736    0.7588    0.9223   -0.7043   -0.5214    0.2601    0.7327    0.0515    0.0633
   95.5000    3.0851    0.7588    0.9223   -0.7043   -0.5201    0.2615    0.7327    0.0515    0.0633
   96.0000    3.0966    0.7588    0.9223   -0.7043   -0.5187    0.2629    0.7327    0.0515    0.0633
   96.5000    3.1082    0.7588    0.9223   -0.7043   -0.5173    0.2642    0.7327    0.0515    0.0633
   97.0000    3.1197    0.7588    0.9223   -0.7043   -0.5159    0.2656    0.7327    0.0515    0.0633
   97.5000    3.1312    0.7588    0.9223   -0.7043   -0.5146    0.2670    0.7327    0.0515    0.0633
   98.0000    3.1427    0.7588    0.9223   -0.7043   -0.5132    0.2684    0.7327    0.0515    0.0633
   98.5000    3.1542    0.7588    0.9223   -0.7043   -0.5118    0.2697    0.7327    0.0515    0.0633
   99.0000    3.1657    0.7588    0.9223   -0.7043   -0.5105    0.2711    0.7327    0.0515    0.0633
   99.5000    3.1772    0.7588    0.9223   -0.7043   -0.5091    0.2725    0.7327    0.0515    0.0633
  100.0000    1.0000    0.7588    0.9223   -0.7043   -0.8098    0.0000    0.7327    0.0515    0.0633
