         t         N         I         S      h_HL       h_H       h_L       Eta   Gamma_H   Gamma_L
    0.0000    1.0000    0.6818    0.9068   -0.8098   -0.8098    0.0000    0.6495    0.0622    0.0963
    0.5000    1.0093    0.6876    0.9081   -0.8098   -0.8085    0.0013    0.6557    0.0613    0.0945
    1.0000    1.0187    0.6929    0.9094   -0.8098   -0.8072    0.0026    0.6614    0.0604    0.0929
    1.5000    1.0281    0.6978    0.9106   -0.8098   -0.8059    0.0039    0.6667    0.0596    0.0913
    2.0000    1.0376    0.7024    0.9117   -0.8098   -0.8046    0.0052    0.6716    0.0588    0.0899
    2.5000    1.0471    0.7066    0.9127   -0.8098   -0.8033    0.0065    0.6762    0.0581    0.0886
    3.0000    1.0566    0.7105    0.9137   -0.8098   -0.8020    0.0078    0.6804    0.0575    0.0874
    3.5000    1.0661    0.7144    0.9146   -0.8098   -0.8007    0.0091    0.6845    0.0568    0.0862
    4.0000    1.0757    0.7182    0.9156   -0.8098   -0.7994    0.0104    0.6887    0.0562    0.0850
    4.5000    1.0853    0.7221    0.9165   -0.8098   -0.7981    0.0118    0.6930    0.0555    0.0837
    5.0000    1.0949    0.7261    0.9175   -0.8098   -0.7968    0.0131    0.6973    0.0548    0.0825
    5.5000    1.1046    0.7303    0.9186   -0.8098   -0.7955    0.0144    0.7018    0.0541    0.0812
    6.0000    1.1143    0.7347    0.9197   -0.8098   -0.7942    0.0157    0.7065    0.0533    0.0798
    6.5000    1.1240    0.7394    0.9209   -0.8098   -0.7929    0.0170    0.7116    0.0525    0.0783
    7.0000    1.1338    0.7445    0.9222   -0.8098   -0.7916    0.0183    0.7171    0.0516    0.0767
    7.5000    1.1436    0.7500    0.9236   -0.8098   -0.7903    0.0196    0.7231    0.0506    0.0750
    8.0000    1.1535    0.7555    0.9250   -0.8098   -0.7889    0.0209    0.7291    0.0497    0.0733
    8.5000    1.1635    0.7607    0.9263   -0.8098   -0.7876    0.0222    0.7348    0.0487    0.0716
    9.0000    1.1738    0.7655    0.9276   -0.8098   -0.7863    0.0235    0.7400    0.0479    0.0701
    9.5000    1.1844    0.7697    0.9287   -0.8098   -0.7850    0.0248    0.7446    0.0471    0.0688
   10.0000    1.1953    0.7732    0.9296   -0.8098   -0.7837    0.0261    0.7484    0.0464    0.0677
   10.5000    1.2065    0.7760    0.9304   -0.8098   -0.7824    0.0274    0.7514    0.0459    0.0668
   11.0000    1.2180    0.7780    0.9309   -0.8098   -0.7811    0.0287    0.7536    0.0456    0.0662
   11.5000    1.2298    0.7792    0.9312   -0.8098   -0.7798    0.0300    0.7550    0.0453    0.0658
   12.0000    1.2416    0.7796    0.9313   -0.8098   -0.7785    0.0313    0.7553    0.0453    0.0657
   12.5000    1.2536    0.7796    0.9313   -0.8098   -0.7772    0.0327    0.7554    0.0453    0.0657
   13.0000    1.2657    0.7796    0.9313   -0.8098   -0.7759    0.0340    0.7554    0.0453    0.0657
   13.5000    1.2778    0.7796    0.9313   -0.8098   -0.7746    0.0353    0.7554    0.0453    0.0657
   14.0000    1.2900    0.7796    0.9313   -0.8098   -0.7733    0.0366    0.7554    0.0453    0.0657
   14.5000    1.3021    0.7796    0.9313   -0.8098   -0.7720    0.0379    0.7554    0.0453    0.0657
   15.0000    1.3143    0.7796    0.9313   -0.8098   -0.7707    0.0392    0.7554    0.0453    0.0657
   15.5000    1.3265    0.7796    0.9313   -0.8098   -0.7694    0.0405    0.7554    0.0453    0.0657
   16.0000    1.3387    0.7796    0.9313   -0.8098   -0.7680    0.0418    0.7554    0.0453    0.0657
   16.5000    1.3508    0.7796    0.9313   -0.8098   -0.7667    0.0431    0.7554    0.0453    0.0657
   17.0000    1.3630    0.7796    0.9313   -0.8098   -0.7654    0.0444    0.7554    0.0453    0.0657
   17.5000    1.3752    0.7796    0.9313   -0.8098   -0.7641    0.0457    0.7554    0.0453    0.0657
   18.0000    1.3874    0.7796    0.9313   -0.8098   -0.7628    0.0470    0.7554    0.0453    0.0657
   18.5000    1.3996    0.7796    0.9313   -0.8098   -0.7615    0.0483    0.7554    0.0453    0.0657
   19.0000    1.4117    0.7796    0.9313   -0.8098   -0.7602    0.0496    0.7554    0.0453    0.0657
   19.5000    1.4239    0.7796    0.9313   -0.8098   -0.7589    0.0509    0.7554    0.0453    0.0657
   20.0000    1.4361    0.7796    0.9313   -0.8098   -0.7576    0.0522    0.7554    0.0453    0.0657
   20.5000    1.4483    0.7796    0.9313   -0.8098   -0.7563    0.0536    0.7554    0.0453    0.0657
   21.0000    1.4605    0.7796    0.9313   -0.8098   -0.7550    0.0549    0.7554    0.0453    0.0657
   21.5000    1.4726    0.7796    0.9313   -0.8098   -0.7537    0.0562    0.7554    0.0453    0.0657
   22.0000    1.4848    0.7796    0.9313   -0.8098   -0.7524    0.0575    0.7554    0.0453    0.0657
   22.5000    1.4970    0.7796    0.9313   -0.8098   -0.7511    0.0588    0.7554    0.0453    0.0657
   23.0000    1.5092    0.7796    0.9313   -0.8098   -0.7498    0.0601    0.7554    0.0453    0.0657
   23.5000    1.5214    0.7796    0.9313   -0.8098   -0.7485    0.0614    0.7554    0.0453    0.0657
   24.0000    1.5335    0.7796    0.9313   -0.8098   -0.7472    0.0627    0.7554    0.0453    0.0657
   24.5000    1.5457    0.7796    0.9313   -0.8098   -0.7458    0.0640    0.7554    0.0453    0.0657
   25.0000    1.5579    0.7796    0.9313   -0.8098   -0.7445    0.0653    0.7554    0.0453    0.0657
   25.5000    1.5701    0.7796    0.9313   -0.8098   -0.7432    0.0666    0.7554    0.0453    0.0657
   26.0000    1.5823    0.7796    0.9313   -0.8098   -0.7419    0.0679    0.7554    0.0453    0.0657
   26.5000    1.5944    0.7796    0.9313   -0.8098   -0.7406    0.0692    0.7554    0.0453    0.0657
   27.0000    1.6066    0.7796    0.9313   -0.8098   -0.7393    0.0705    0.7554    0.0453    0.0657
   27.5000    1.6188    0.7796    0.9313   -0.8098   -0.7380    0.0718    0.7554    0.0453    0.0657
   28.0000    1.6310    0.7796    0.9313   -0.8098   -0.7367    0.0731    0.7554    0.0453    0.0657
   28.5000    1.6432    0.7796    0.9313   -0.8098   -0.7354    0.0745    0.7554    0.0453    0.0657
   29.0000    1.6553    0.7796    0.9313   -0.8098   -0.7341    0.0758    0.7554    0.0453    0.0657
   29.5000    1.6675    0.7796    0.9313   -0.8098   -0.7328    0.0771    0.7554    0.0453    0.0657
   30.0000    1.6797    0.7796    0.9313   -0.8098   -0.7315    0.0784    0.7554    0.0453    0.0657
   30.5000    1.6919    0.7796    0.9313   -0.8098   -0.7302    0.0797    0.7554    0.0453    0.0657
   31.0000    1.7041    0.7796    0.9313   -0.8098   -0.7289    0.0810    0.7554    0.0453    0.0657
   31.5000    1.7162    0.7796    0.9313   -0.8098   -0.7276    0.0823    0.7554    0.0453    0.0657
   32.0000    1.7284    0.7796    0.9313   -0.8098   -0.7263    0.0836    0.7554    0.0453    0.0657
   32.5000    1.7406    0.7796    0.9313   -0.8098   -0.7249    0.0849    0.7554    0.0453    0.0657
   33.0000    1.7528    0.7796    0.9313   -0.8098   -0.7236    0.0862    0.7554    0.0453    0.0657
   33.5000    1.7650    0.7796    0.9313   -0.8098   -0.7223    0.0875    0.7554    0.0453    0.0657
   34.0000    1.7771    0.7796    0.9313   -0.8098   -0.7210    0.0888    0.7554    0.0453    0.0657
   34.5000    1.7893    0.7796    0.9313   -0.8098   -0.7197    0.0901    0.7554    0.0453    0.0657
   35.0000    1.8015    0.7796    0.9313   -0.8098   -0.7184    0.0914    0.7554    0.0453    0.0657
   35.5000    1.8137    0.7796    0.9313   -0.8098   -0.7171    0.0927    0.7554    0.0453    0.0657
   36.0000    1.8259    0.7796    0.9313   -0.8098   -0.7158    0.0940    0.7554    0.0453    0.0657
   36.5000    1.8380    0.7796    0.9313   -0.8098   -0.7145    0.0954    0.7554    0.0453    0.0657
   37.0000    1.8502    0.7796    0.9313   -0.8098   -0.7132    0.0967    0.7554    0.0453    0.0657
   37.5000    1.8624    0.7796    0.9313   -0.8098   -0.7119    0.0980    0.7554    0.0453    0.0657
   38.0000    1.8746    0.7796    0.9313   -0.8098   -0.7106    0.0993    0.7554    0.0453    0.0657
   38.5000    1.8868    0.7796    0.9313   -0.8098   -0.7093    0.1006    0.7554    0.0453    0.0657
   39.0000    1.8989    0.7796    0.9313   -0.8098   -0.7080    0.1019    0.7554    0.0453    0.0657
   39.5000    1.9111    0.7796    0.9313   -0.8098   -0.7067    0.1032    0.7554    0.0453    0.0657
   40.0000    1.9233    0.7796    0.9313   -0.8098   -0.7054    0.1045    0.7554    0.0453    0.0657
   40.5000    1.9355    0.7796    0.9313   -0.8098   -0.7040    0.1058    0.7554    0.0453    0.0657
   41.0000    1.9476    0.7796    0.9313   -0.8098   -0.7027    0.1071    0.7554    0.0453    0.0657
   41.5000    1.9598    0.7796    0.9313   -0.8098   -0.7014    0.1084    0.7554    0.0453    0.0657
   42.0000    1.9720    0.7796    0.9313   -0.8098   -0.7001    0.1097    0.7554    0.0453    0.0657
   42.5000    1.9842    0.7796    0.9313   -0.8098   -0.6988    0.1110    0.7554    0.0453    0.0657
   43.0000    1.9964    0.7796    0.9313   -0.8098   -0.6975    0.1123    0.7554    0.0453    0.0657
   43.5000    2.0085    0.7796    0.9313   -0.8098   -0.6962    0.1136    0.7554    0.0453    0.0657
   44.0000    2.0207    0.7796    0.9313   -0.8098   -0.6949    0.1149    0.7554    0.0453    0.0657
   44.5000    2.0329    0.7796    0.9313   -0.8098   -0.6936    0.1163    0.7554    0.0453    0.0657
   45.0000    2.0451    0.7796    0.9313   -0.8098   -0.6923    0.1176    0.7554    0.0453    0.0657
   45.5000    2.0573    0.7796    0.9313   -0.8098   -0.6910    0.1189    0.7554    0.0453    0.0657
   46.0000    2.0694    0.7796    0.9313   -0.8098   -0.6897    0.1202    0.7554    0.0453    0.0657
   46.5000    2.0816    0.7796    0.9313   -0.8098   -0.6884    0.1215    0.7554    0.0453    0.0657
   47.0000    2.0938    0.7796    0.9313   -0.8098   -0.6871    0.1228    0.7554    0.0453    0.0657
   47.5000    2.1060    0.7796    0.9313   -0.8098   -0.6858    0.1241    0.7554    0.0453    0.0657
   48.0000    2.1182    0.7796    0.9313   -0.8098   -0.6845    0.1254    0.7554    0.0453    0.0657
   48.5000    2.1303    0.7796    0.9313   -0.8098   -0.6831    0.1267    0.7554    0.0453    0.0657
   49.0000    2.1425    0.7796    0.9313   -0.8098   -0.6818    0.1280    0.7554    0.0453    0.0657
   49.5000    2.1547    0.7796    0.9313   -0.8098   -0.6805    0.1293    0.7554    0.0453    0.0657
   50.0000    2.1669    0.7796    0.9313   -0.8098   -0.6792    0.1306    0.7554    0.0453    0.0657
   50.5000    2.1791    0.7796    0.9313   -0.8098   -0.6779    0.1319    0.7554    0.0453    0.0657
   51.0000    2.1912    0.7796    0.9313   -0.8098   -0.6766    0.1332    0.7554    0.0453    0.0657
   51.5000    2.2034    0.7796    0.9313   -0.8098   -0.6753    0.1345    0.7554    0.0453    0.0657
   52.0000    2.2156    0.7796    0.9313   -0.8098   -0.6740    0.1358    0.7554    0.0453    0.0657
   52.5000    2.2278    0.7796    0.9313   -0.8098   -0.6727    0.1372    0.7554    0.0453    0.0657
   53.0000    2.2400    0.7796    0.9313   -0.8098   -0.6714    0.1385    0.7554    0.0453    0.0657
   53.5000    2.2521    0.7796    0.9313   -0.8098   -0.6701    0.1398    0.7554    0.0453    0.0657
   54.0000    2.2643    0.7796    0.9313   -0.8098   -0.6688    0.1411    0.7554    0.0453    0.0657
   54.5000    2.2765    0.7796    0.9313   -0.8098   -0.6675    0.1424    0.7554    0.0453    0.0657
   55.0000    2.2887    0.7796    0.9313   -0.8098   -0.6662    0.1437    0.7554    0.0453    0.0657
   55.5000    2.3009    0.7796    0.9313   -0.8098   -0.6649    0.1450    0.7554    0.0453    0.0657
   56.0000    2.3130    0.7796    0.9313   -0.8098   -0.6636    0.1463    0.7554    0.0453    0.0657
   56.5000    2.3252    0.7796    0.9313   -0.8098   -0.6622    0.1476    0.7554    0.0453    0.0657
   57.0000    2.3374    0.7796    0.9313   -0.8098   -0.6609    0.1489    0.7554    0.0453    0.0657
   57.5000    2.3496    0.7796    0.9313   -0.8098   -0.6596    0.1502    0.7554    0.0453    0.0657
   58.0000    2.3618    0.7796    0.9313   -0.8098   -0.6583    0.1515    0.7554    0.0453    0.0657
   58.5000    2.3739    0.7796    0.9313   -0.8098   -0.6570    0.1528    0.7554    0.0453    0.0657
   59.0000    2.3861    0.7796    0.9313   -0.8098   -0.6557    0.1541    0.7554    0.0453    0.0657
   59.5000    2.3983    0.7796    0.9313   -0.8098   -0.6544    0.1554    0.7554    0.0453    0.0657
   60.0000    2.4105    0.7796    0.9313   -0.8098   -0.6531    0.1567    0.7554    0.0453    0.0657
   60.5000    2.4227    0.7796    0.9313   -0.8098   -0.6518    0.1581    0.7554    0.0453    0.0657
   61.0000    2.4348    0.7796    0.9313   -0.8098   -0.6505    0.1594    0.7554    0.0453    0.0657
   61.5000    2.4470    0.7796    0.9313   -0.8098   -0.6492    0.1607    0.7554    0.0453    0.0657
   62.0000    2.4592    0.7796    0.9313   -0.8098   -0.6479    0.1620    0.7554    0.0453    0.0657
   62.5000    2.4714    0.7796    0.9313   -0.8098   -0.6466    0.1633    0.7554    0.0453    0.0657
   63.0000    2.4836    0.7796    0.9313   -0.8098   -0.6453    0.1646    0.7554    0.0453    0.0657
   63.5000    2.4957    0.7796    0.9313   -0.8098   -0.6440    0.1659    0.7554    0.0453    0.0657
   64.0000    2.5079    0.7796    0.9313   -0.8098   -0.6427    0.1672    0.7554    0.0453    0.0657
   64.5000    2.5201    0.7796    0.9313   -0.8098   -0.6413    0.1685    0.7554    0.0453    0.0657
   65.0000    2.5323    0.7796    0.9313   -0.8098   -0.6400    0.1698    0.7554    0.0453    0.0657
   65.5000    2.5445    0.7796    0.9313   -0.8098   -0.6387    0.1711    0.7554    0.0453    0.0657
   66.0000    2.5566    0.7796    0.9313   -0.8098   -0.6374    0.1724    0.7554    0.0453    0.0657
   66.5000    2.5688    0.7796    0.9313   -0.8098   -0.6361    0.1737    0.7554    0.0453    0.0657
   67.0000    2.5810    0.7796    0.9313   -0.8098   -0.6348    0.1750    0.7554    0.0453    0.0657
   67.5000    2.5932    0.7796    0.9313   -0.8098   -0.6335    0.1763    0.7554    0.0453    0.0657
   68.0000    2.6054    0.7796    0.9313   -0.8098   -0.6322    0.1776    0.7554    0.0453    0.0657
   68.5000    2.6175    0.7796    0.9313   -0.8098   -0.6309    0.1790    0.7554    0.0453    0.0657
   69.0000    2.6297    0.7796    0.9313   -0.8098   -0.6296    0.1803    0.7554    0.0453    0.0657
   69.5000    2.6419    0.7796    0.9313   -0.8098   -0.6283    0.1816    0.7554    0.0453    0.0657
   70.0000    2.6541    0.7796    0.9313   -0.8098   -0.6270    0.1829    0.7554    0.0453    0.0657
   70.5000    2.6663    0.7796    0.9313   -0.8098   -0.6257    0.1842    0.7554    0.0453    0.0657
   71.0000    2.6784    0.7796    0.9313   -0.8098   -0.6244    0.1855    0.7554    0.0453    0.0657
   71.5000    2.6906    0.7796    0.9313   -0.8098   -0.6231    0.1868    0.7554    0.0453    0.0657
   72.0000    2.7028    0.7796    0.9313   -0.8098   -0.6218    0.1881    0.7554    0.0453    0.0657
   72.5000    2.7150    0.7796    0.9313   -0.8098   -0.6204    0.1894    0.7554    0.0453    0.0657
   73.0000    2.7272    0.7796    0.9313   -0.8098   -0.6191    0.1907    0.7554    0.0453    0.0657
   73.5000    2.7393    0.7796    0.9313   -0.8098   -0.6178    0.1920    0.7554    0.0453    0.0657
   74.0000    2.7515    0.7796    0.9313   -0.8098   -0.6165    0.1933    0.7554    0.0453    0.0657
   74.5000    2.7637    0.7796    0.9313   -0.8098   -0.6152    0.1946    0.7554    0.0453    0.0657
   75.0000    2.7759    0.7796    0.9313   -0.8098   -0.6139    0.1959    0.7554    0.0453    0.0657
   75.5000    2.7880    0.7796    0.9313   -0.8098   -0.6126    0.1972    0.7554    0.0453    0.0657
   76.0000    2.8002    0.7796    0.9313   -0.8098   -0.6113    0.1985    0.7554    0.0453    0.0657
   76.5000    2.8124    0.7796    0.9313   -0.8098   -0.6100    0.1998    0.7554    0.0453    0.0657
   77.0000    2.8246    0.7796    0.9313   -0.8098   -0.6087    0.2012    0.7554    0.0453    0.0657
   77.5000    2.8368    0.7796    0.9313   -0.8098   -0.6074    0.2025    0.7554    0.0453    0.0657
   78.0000    2.8489    0.7796    0.9313   -0.8098   -0.6061    0.2038    0.7554    0.0453    0.0657
   78.5000    2.8611    0.7796    0.9313   -0.8098   -0.6048    0.2051    0.7554    0.0453    0.0657
   79.0000    2.8733    0.7796    0.9313   -0.8098   -0.6035    0.2064    0.7554    0.0453    0.0657
   79.5000    2.8855    0.7796    0.9313   -0.8098   -0.6022    0.2077    0.7554    0.0453    0.0657
   80.0000    2.8977    0.7796    0.9313   -0.8098   -0.6009    0.2090    0.7554    0.0453    0.0657
   80.5000    2.9098    0.7796    0.9313   -0.8098   -0.5995    0.2103    0.7554    0.0453    0.0657
   81.0000    2.9220    0.7796    0.9313   -0.8098   -0.5982    0.2116    0.7554    0.0453    0.0657
   81.5000    2.9342    0.7796    0.9313   -0.8098   -0.5969    0.2129    0.7554    0.0453    0.0657
   82.0000    2.9464    0.7796    0.9313   -0.8098   -0.5956    0.2142    0.7554    0.0453    0.0657
   82.5000    2.9586    0.7796    0.9313   -0.8098   -0.5943    0.2155    0.7554    0.0453    0.0657
   83.0000    2.9707    0.7796    0.9313   -0.8098   -0.5930    0.2168    0.7554    0.0453    0.0657
   83.5000    2.9829    0.7796    0.9313   -0.8098   -0.5917    0.2181    0.7554    0.0453    0.0657
   84.0000    2.9951    0.7796    0.9313   -0.8098   -0.5904    0.2194    0.7554    0.0453    0.0657
   84.5000    3.0073    0.7796    0.9313   -0.8098   -0.5891    0.2207    0.7554    0.0453    0.0657
   85.0000    3.0195    0.7796    0.9313   -0.8098   -0.5878    0.2221    0.7554    0.0453    0.0657
   85.5000    3.0316    0.7796    0.9313   -0.8098   -0.5865    0.2234    0.7554    0.0453    0.0657
   86.0000    3.0438    0.7796    0.9313   -0.8098   -0.5852    0.2247    0.7554    0.0453    0.0657
   86.5000    3.0560    0.7796    0.9313   -0.8098   -0.5839    0.2260    0.7554    0.0453    0.0657
   87.0000    3.0682    0.7796    0.9313   -0.8098   -0.5826    0.2273    0.7554    0.0453    0.0657
   87.5000    3.0804    0.7796    0.9313   -0.8098   -0.5813    0.2286    0.7554    0.0453    0.0657
   88.0000    3.0925    0.7796    0.9313   -0.8098   -0.5800    0.2299    0.7554    0.0453    0.0657
   88.5000    3.1047    0.7796    0.9313   -0.8098   -0.5786    0.2312    0.7554    0.0453    0.0657
   89.0000    3.1169    0.7796    0.9313   -0.8098   -0.5773    0.2325    0.7554    0.0453    0.0657
   89.5000    3.1291    0.7796    0.9313   -0.8098   -0.5760    0.2338    0.7554    0.0453    0.0657
   90.0000    3.1413    0.7796    0.9313   -0.8098   -0.5747    0.2351    0.7554    0.0453    0.0657
   90.5000    3.1534    0.7796    0.9313   -0.8098   -0.5734    0.2364    0.7554    0.0453    0.0657
   91.0000    3.1656    0.7796    0.9313   -0.8098   -0.5721    0.2377    0.7554    0.0453    0.0657
   91.5000    3.1778    0.7796    0.9313   -0.8098   -0.5708    0.2390    0.7554    0.0453    0.0657
   92.0000    3.1900    0.7796    0.9313   -0.8098   -0.5695    0.2403    0.7554    0.0453    0.0657
   92.5000    3.2022    0.7796    0.9313   -0.8098   -0.5682    0.2416    0.7554    0.0453    0.0657
   93.0000    3.2143    0.7796    0.9313   -0.8098   -0.5669    0.2430    0.7554    0.0453    0.0657
   93.5000    3.2265    0.7796    0.9313   -0.8098   -0.5656    0.2443    0.7554    0.0453    0.0657
   94.0000    3.2387    0.7796    0.9313   -0.8098   -0.5643    0.2456    0.7554    0.0453    0.0657
   94.5000    3.2509    0.7796    0.9313   -0.8098   -0.5630    0.2469    0.7554    0.0453    0.0657
   95.0000    3.2631    0.7796    0.9313   -0.8098   -0.5617    0.2482    0.7554    0.0453    0.0657
   95.5000    3.2752    0.7796    0.9313   -0.8098   -0.5604    0.2495    0.7554    0.0453    0.0657
   96.0000    3.2874    0.7796    0.9313   -0.8098   -0.5591    0.2508    0.7554    0.0453    0.0657
   96.5000    3.2996    0.7796    0.9313   -0.8098   -0.5578    0.2521    0.7554    0.0453    0.0657
   97.0000    3.3118    0.7796    0.9313   -0.8098   -0.5564    0.2534    0.7554    0.0453    0.0657
   97.5000    3.3240    0.7796    0.9313   -0.8098   -0.5551    0.2547    0.7554    0.0453    0.0657
   98.0000    3.3361    0.7796    0.9313   -0.8098   -0.5538    0.2560    0.7554    0.0453    0.0657
   98.5000    3.3483    0.7796    0.9313   -0.8098   -0.5525    0.2573    0.7554    0.0453    0.0657
   99.0000    3.3605    0.7796    0.9313   -0.8098   -0.5512    0.2586    0.7554    0.0453    0.0657
   99.5000    3.3727    0.7796    0.9313   -0.8098   -0.5499    0.2599    0.7554    0.0453    0.0657
  100.0000    1.0000    0.7796    0.9313   -0.8098   -0.8098    0.0000    0.7554    0.0453    0.0657
