         t         N         I         S      h_HL       h_H       h_L       Eta   Gamma_H   Gamma_L
    0.0000    1.0000    0.6818    0.9068   -0.8098   -0.8098    0.0000    0.6495    0.0622    0.0963
    0.5000    1.0093    0.6881    0.9169   -0.8093   -0.8079    0.0014    0.6563    0.0553    0.0989
    1.0000    1.0186    0.6953    0.9186   -0.8088   -0.8060    0.0028    0.6640    0.0541    0.0967
    1.5000    1.0278    0.7024    0.9201   -0.8083   -0.8041    0.0042    0.6716    0.0530    0.0943
    2.0000    1.0371    0.7095    0.9219   -0.8078   -0.8021    0.0056    0.6793    0.0518    0.0920
    2.5000    1.0464    0.7166    0.9235   -0.8072   -0.8002    0.0070    0.6870    0.0507    0.0897
    3.0000    1.0557    0.7237    0.9252   -0.8066   -0.7983    0.0083    0.6947    0.0495    0.0874
    3.5000    1.0650    0.7309    0.9269   -0.8061   -0.7963    0.0097    0.7024    0.0483    0.0850
    4.0000    1.0742    0.7380    0.9286   -0.8054   -0.7944    0.0110    0.7101    0.0472    0.0827
    4.5000    1.0835    0.7451    0.9303   -0.8046   -0.7925    0.0124    0.7178    0.0460    0.0803
    5.0000    1.0928    0.7521    0.9320   -0.8037   -0.7906    0.0137    0.7254    0.0448    0.0780
    5.5000    1.1021    0.7591    0.9337   -0.8024   -0.7886    0.0151    0.7330    0.0436    0.0757
    6.0000    1.1113    0.7661    0.9354   -0.8006   -0.7867    0.0164    0.7407    0.0425    0.0732
    6.5000    1.1206    0.7681    0.9360   -0.7983   -0.7848    0.0177    0.7428    0.0421    0.0725
    7.0000    1.1299    0.7681    0.9357   -0.7952   -0.7829    0.0190    0.7428    0.0422    0.0722
    7.5000    1.1392    0.7681    0.9356   -0.7915   -0.7810    0.0202    0.7428    0.0423    0.0718
    8.0000    1.1485    0.7681    0.9344   -0.7872   -0.7792    0.0215    0.7428    0.0431    0.0709
    8.5000    1.1579    0.7681    0.9332   -0.7825   -0.7774    0.0228    0.7428    0.0440    0.0699
    9.0000    1.1674    0.7681    0.9314   -0.7775   -0.7756    0.0242    0.7428    0.0452    0.0687
    9.5000    1.1771    0.7681    0.9294   -0.7725   -0.7740    0.0255    0.7428    0.0466    0.0673
   10.0000    1.1871    0.7681    0.9288   -0.7678   -0.7723    0.0269    0.7428    0.0471    0.0667
   10.5000    1.1973    0.7681    0.9282   -0.7636   -0.7706    0.0284    0.7428    0.0475    0.0661
   11.0000    1.2078    0.7681    0.9264   -0.7599   -0.7690    0.0299    0.7428    0.0487    0.0650
   11.5000    1.2186    0.7681    0.9261   -0.7568   -0.7673    0.0314    0.7428    0.0489    0.0646
   12.0000    1.2295    0.7681    0.9265   -0.7544   -0.7657    0.0329    0.7428    0.0486    0.0647
   12.5000    1.2404    0.7681    0.9268   -0.7526   -0.7641    0.0345    0.7428    0.0484    0.0647
   13.0000    1.2516    0.7681    0.9256   -0.7513   -0.7625    0.0360    0.7428    0.0493    0.0640
   13.5000    1.2629    0.7681    0.9263   -0.7505   -0.7609    0.0374    0.7428    0.0488    0.0643
   14.0000    1.2744    0.7681    0.9264   -0.7501   -0.7594    0.0389    0.7428    0.0487    0.0644
   14.5000    1.2862    0.7681    0.9257   -0.7498   -0.7580    0.0403    0.7428    0.0492    0.0640
   15.0000    1.2979    0.7681    0.9263   -0.7497   -0.7566    0.0417    0.7428    0.0488    0.0643
   15.5000    1.3096    0.7681    0.9263   -0.7496   -0.7552    0.0431    0.7428    0.0488    0.0643
   16.0000    1.3213    0.7681    0.9263   -0.7496   -0.7538    0.0444    0.7428    0.0488    0.0643
   16.5000    1.3330    0.7681    0.9263   -0.7496   -0.7525    0.0458    0.7428    0.0488    0.0643
   17.0000    1.3448    0.7681    0.9263   -0.7496   -0.7511    0.0472    0.7428    0.0488    0.0642
   17.5000    1.3565    0.7681    0.9263   -0.7496   -0.7497    0.0486    0.7428    0.0488    0.0642
   18.0000    1.3682    0.7681    0.9263   -0.7495   -0.7483    0.0500    0.7428    0.0488    0.0642
   18.5000    1.3799    0.7681    0.9263   -0.7495   -0.7470    0.0513    0.7428    0.0488    0.0642
   19.0000    1.3917    0.7681    0.9263   -0.7495   -0.7456    0.0527    0.7428    0.0488    0.0642
   19.5000    1.4034    0.7681    0.9263   -0.7495   -0.7442    0.0541    0.7428    0.0488    0.0642
   20.0000    1.4151    0.7681    0.9263   -0.7495   -0.7428    0.0555    0.7428    0.0488    0.0642
   20.5000    1.4268    0.7681    0.9263   -0.7495   -0.7414    0.0568    0.7428    0.0488    0.0642
   21.0000    1.4385    0.7681    0.9263   -0.7495   -0.7401    0.0582    0.7428    0.0488    0.0642
   21.5000    1.4503    0.7681    0.9263   -0.7495   -0.7387    0.0596    0.7428    0.0488    0.0642
   22.0000    1.4620    0.7681    0.9263   -0.7495   -0.7373    0.0610    0.7428    0.0488    0.0642
   22.5000    1.4737    0.7681    0.9263   -0.7495   -0.7359    0.0624    0.7428    0.0488    0.0642
   23.0000    1.4854    0.7681    0.9263   -0.7495   -0.7346    0.0637    0.7428    0.0488    0.0642
   23.5000    1.4972    0.7681    0.9263   -0.7495   -0.7332    0.0651    0.7428    0.0488    0.0642
   24.0000    1.5089    0.7681    0.9263   -0.7495   -0.7318    0.0665    0.7428    0.0488    0.0642
   24.5000    1.5206    0.7681    0.9263   -0.7495   -0.7304    0.0679    0.7428    0.0488    0.0642
   25.0000    1.5323    0.7681    0.9263   -0.7495   -0.7290    0.0693    0.7428    0.0488    0.0642
   25.5000    1.5440    0.7681    0.9263   -0.7495   -0.7277    0.0706    0.7428    0.0488    0.0642
   26.0000    1.5558    0.7681    0.9263   -0.7495   -0.7263    0.0720    0.7428    0.0488    0.0642
   26.5000    1.5675    0.7681    0.9263   -0.7495   -0.7249    0.0734    0.7428    0.0488    0.0642
   27.0000    1.5792    0.7681    0.9263   -0.7495   -0.7235    0.0748    0.7428    0.0488    0.0642
   27.5000    1.5909    0.7681    0.9263   -0.7495   -0.7221    0.0761    0.7428    0.0488    0.0642
   28.0000    1.6027    0.7681    0.9263   -0.7495   -0.7208    0.0775    0.7428    0.0488    0.0642
   28.5000    1.6144    0.7681    0.9263   -0.7495   -0.7194    0.0789    0.7428    0.0488    0.0642
   29.0000    1.6261    0.7681    0.9263   -0.7495   -0.7180    0.0803    0.7428    0.0488    0.0642
   29.5000    1.6378    0.7681    0.9263   -0.7495   -0.7166    0.0817    0.7428    0.0488    0.0642
   30.0000    1.6495    0.7681    0.9263   -0.7495   -0.7153    0.0830    0.7428    0.0488    0.0642
   30.5000    1.6613    0.7681    0.9263   -0.7495   -0.7139    0.0844    0.7428    0.0488    0.0642
   31.0000    1.6730    0.7681    0.9263   -0.7495   -0.7125    0.0858    0.7428    0.0488    0.0642
   31.5000    1.6847    0.7681    0.9263   -0.7495   -0.7111    0.0872    0.7428    0.0488    0.0642
   32.0000    1.6964    0.7681    0.9263   -0.7495   -0.7097    0.0885    0.7428    0.0488    0.0642
   32.5000    1.7081    0.7681    0.9263   -0.7495   -0.7084    0.0899    0.7428    0.0488    0.0642
   33.0000    1.7199    0.7681    0.9263   -0.7495   -0.7070    0.0913    0.7428    0.0488    0.0642
   33.5000    1.7316    0.7681    0.9263   -0.7495   -0.7056    0.0927    0.7428    0.0488    0.0642
   34.0000    1.7433    0.7681    0.9263   -0.7495   -0.7042    0.0941    0.7428    0.0488    0.0642
   34.5000    1.7550    0.7681    0.9263   -0.7495   -0.7029    0.0954    0.7428    0.0488    0.0642
   35.0000    1.7668    0.7681    0.9263   -0.7495   -0.7015    0.0968    0.7428    0.0488    0.0642
   35.5000    1.7785    0.7681    0.9263   -0.7495   -0.7001    0.0982    0.7428    0.0488    0.0642
   36.0000    1.7902    0.7681    0.9263   -0.7495   -0.6987    0.0996    0.7428    0.0488    0.0642
   36.5000    1.8019    0.7681    0.9263   -0.7495   -0.6973    0.1010    0.7428    0.0488    0.0642
   37.0000    1.8136    0.7681    0.9263   -0.7495   -0.6960    0.1023    0.7428    0.0488    0.0642
   37.5000    1.8254    0.7681    0.9263   -0.7495   -0.6946    0.1037    0.7428    0.0488    0.0642
   38.0000    1.8371    0.7681    0.9263   -0.7495   -0.6932    0.1051    0.7428    0.0488    0.0642
   38.5000    1.8488    0.7681    0.9263   -0.7495   -0.6918    0.1065    0.7428    0.0488    0.0642
   39.0000    1.8605    0.7681    0.9263   -0.7495   -0.6904    0.1078    0.7428    0.0488    0.0642
   39.5000    1.8723    0.7681    0.9263   -0.7495   -0.6891    0.1092    0.7428    0.0488    0.0642
   40.0000    1.8840    0.7681    0.9263   -0.7495   -0.6877    0.1106    0.7428    0.0488    0.0642
   40.5000    1.8957    0.7681    0.9263   -0.7495   -0.6863    0.1120    0.7428    0.0488    0.0642
   41.0000    1.9074    0.7681    0.9263   -0.7495   -0.6849    0.1134    0.7428    0.0488    0.0642
   41.5000    1.9191    0.7681    0.9263   -0.7495   -0.6836    0.1147    0.7428    0.0488    0.0642
   42.0000    1.9309    0.7681    0.9263   -0.7495   -0.6822    0.1161    0.7428    0.0488    0.0642
   42.5000    1.9426    0.7681    0.9263   -0.7495   -0.6808    0.1175    0.7428    0.0488    0.0642
   43.0000    1.9543    0.7681    0.9263   -0.7495   -0.6794    0.1189    0.7428    0.0488    0.0642
   43.5000    1.9660    0.7681    0.9263   -0.7495   -0.6780    0.1202    0.7428    0.0488    0.0642
   44.0000    1.9778    0.7681    0.9263   -0.7495   -0.6767    0.1216    0.7428    0.0488    0.0642
   44.5000    1.9895    0.7681    0.9263   -0.7495   -0.6753    0.1230    0.7428    0.0488    0.0642
   45.0000    2.0012    0.7681    0.9263   -0.7495   -0.6739    0.1244    0.7428    0.0488    0.0642
   45.5000    2.0129    0.7681    0.9263   -0.7495   -0.6725    0.1258    0.7428    0.0488    0.0642
   46.0000    2.0246    0.7681    0.9263   -0.7495   -0.6712    0.1271    0.7428    0.0488    0.0642
   46.5000    2.0364    0.7681    0.9263   -0.7495   -0.6698    0.1285    0.7428    0.0488    0.0642
   47.0000    2.0481    0.7681    0.9263   -0.7495   -0.6684    0.1299    0.7428    0.0488    0.0642
   47.5000    2.0598    0.7681    0.9263   -0.7495   -0.6670    0.1313    0.7428    0.0488    0.0642
   48.0000    2.0715    0.7681    0.9263   -0.7495   -0.6656    0.1327    0.7428    0.0488    0.0642
   48.5000    2.0832    0.7681    0.9263   -0.7495   -0.6643    0.1340    0.7428    0.0488    0.0642
   49.0000    2.0950    0.7681    0.9263   -0.7495   -0.6629    0.1354    0.7428    0.0488    0.0642
   49.5000    2.1067    0.7681    0.9263   -0.7495   -0.6615    0.1368    0.7428    0.0488    0.0642
   50.0000    2.1184    0.7681    0.9263   -0.7495   -0.6601    0.1382    0.7428    0.0488    0.0642
   50.5000    2.1301    0.7681    0.9263   -0.7495   -0.6587    0.1395    0.7428    0.0488    0.0642
   51.0000    2.1419    0.7681    0.9263   -0.7495   -0.6574    0.1409    0.7428    0.0488    0.0642
   51.5000    2.1536    0.7681    0.9263   -0.7495   -0.6560    0.1423    0.7428    0.0488    0.0642
   52.0000    2.1653    0.7681    0.9263   -0.7495   -0.6546    0.1437    0.7428    0.0488    0.0642
   52.5000    2.1770    0.7681    0.9263   -0.7495   -0.6532    0.1451    0.7428    0.0488    0.0642
   53.0000    2.1887    0.7681    0.9263   -0.7495   -0.6519    0.1464    0.7428    0.0488    0.0642
   53.5000    2.2005    0.7681    0.9263   -0.7495   -0.6505    0.1478    0.7428    0.0488    0.0642
   54.0000    2.2122    0.7681    0.9263   -0.7495   -0.6491    0.1492    0.7428    0.0488    0.0642
   54.5000    2.2239    0.7681    0.9263   -0.7495   -0.6477    0.1506    0.7428    0.0488    0.0642
   55.0000    2.2356    0.7681    0.9263   -0.7495   -0.6463    0.1519    0.7428    0.0488    0.0642
   55.5000    2.2474    0.7681    0.9263   -0.7495   -0.6450    0.1533    0.7428    0.0488    0.0642
   56.0000    2.2591    0.7681    0.9263   -0.7495   -0.6436    0.1547    0.7428    0.0488    0.0642
   56.5000    2.2708    0.7681    0.9263   -0.7495   -0.6422    0.1561    0.7428    0.0488    0.0642
   57.0000    2.2825    0.7681    0.9263   -0.7495   -0.6408    0.1575    0.7428    0.0488    0.0642
   57.5000    2.2942    0.7681    0.9263   -0.7495   -0.6395    0.1588    0.7428    0.0488    0.0642
   58.0000    2.3060    0.7681    0.9263   -0.7495   -0.6381    0.1602    0.7428    0.0488    0.0642
   58.5000    2.3177    0.7681    0.9263   -0.7495   -0.6367    0.1616    0.7428    0.0488    0.0642
   59.0000    2.3294    0.7681    0.9263   -0.7495   -0.6353    0.1630    0.7428    0.0488    0.0642
   59.5000    2.3411    0.7681    0.9263   -0.7495   -0.6339    0.1644    0.7428    0.0488    0.0642
   60.0000    2.3529    0.7681    0.9263   -0.7495   -0.6326    0.1657    0.7428    0.0488    0.0642
   60.5000    2.3646    0.7681    0.9263   -0.7495   -0.6312    0.1671    0.7428    0.0488    0.0642
   61.0000    2.3763    0.7681    0.9263   -0.7495   -0.6298    0.1685    0.7428    0.0488    0.0642
   61.5000    2.3880    0.7681    0.9263   -0.7495   -0.6284    0.1699    0.7428    0.0488    0.0642
   62.0000    2.3997    0.7681    0.9263   -0.7495   -0.6270    0.1712    0.7428    0.0488    0.0642
   62.5000    2.4115    0.7681    0.9263   -0.7495   -0.6257    0.1726    0.7428    0.0488    0.0642
   63.0000    2.4232    0.7681    0.9263   -0.7495   -0.6243    0.1740    0.7428    0.0488    0.0642
   63.5000    2.4349    0.7681    0.9263   -0.7495   -0.6229    0.1754    0.7428    0.0488    0.0642
   64.0000    2.4466    0.7681    0.9263   -0.7495   -0.6215    0.1768    0.7428    0.0488    0.0642
   64.5000    2.4583    0.7681    0.9263   -0.7495   -0.6202    0.1781    0.7428    0.0488    0.0642
   65.0000    2.4701    0.7681    0.9263   -0.7495   -0.6188    0.1795    0.7428    0.0488    0.0642
   65.5000    2.4818    0.7681    0.9263   -0.7495   -0.6174    0.1809    0.7428    0.0488    0.0642
   66.0000    2.4935    0.7681    0.9263   -0.7495   -0.6160    0.1823    0.7428    0.0488    0.0642
   66.5000    2.5052    0.7681    0.9263   -0.7495   -0.6146    0.1836    0.7428    0.0488    0.0642
   67.0000    2.5170    0.7681    0.9263   -0.7495   -0.6133    0.1850    0.7428    0.0488    0.0642
   67.5000    2.5287    0.7681    0.9263   -0.7495   -0.6119    0.1864    0.7428    0.0488    0.0642
   68.0000    2.5404    0.7681    0.9263   -0.7495   -0.6105    0.1878    0.7428    0.0488    0.0642
   68.5000    2.5521    0.7681    0.9263   -0.7495   -0.6091    0.1892    0.7428    0.0488    0.0642
   69.0000    2.5638    0.7681    0.9263   -0.7495   -0.6078    0.1905    0.7428    0.0488    0.0642
   69.5000    2.5756    0.7681    0.9263   -0.7495   -0.6064    0.1919    0.7428    0.0488    0.0642
   70.0000    2.5873    0.7681    0.9263   -0.7495   -0.6050    0.1933    0.7428    0.0488    0.0642
   70.5000    2.5990    0.7681    0.9263   -0.7495   -0.6036    0.1947    0.7428    0.0488    0.0642
   71.0000    2.6107    0.7681    0.9263   -0.7495   -0.6022    0.1961    0.7428    0.0488    0.0642
   71.5000    2.6225    0.7681    0.9263   -0.7495   -0.6009    0.1974    0.7428    0.0488    0.0642
   72.0000    2.6342    0.7681    0.9263   -0.7495   -0.5995    0.1988    0.7428    0.0488    0.0642
   72.5000    2.6459    0.7681    0.9263   -0.7495   -0.5981    0.2002    0.7428    0.0488    0.0642
   73.0000    2.6576    0.7681    0.9263   -0.7495   -0.5967    0.2016    0.7428    0.0488    0.0642
   73.5000    2.6693    0.7681    0.9263   -0.7495   -0.5953    0.2029    0.7428    0.0488    0.0642
   74.0000    2.6811    0.7681    0.9263   -0.7495   -0.5940    0.2043    0.7428    0.0488    0.0642
   74.5000    2.6928    0.7681    0.9263   -0.7495   -0.5926    0.2057    0.7428    0.0488    0.0642
   75.0000    2.7045    0.7681    0.9263   -0.7495   -0.5912    0.2071    0.7428    0.0488    0.0642
   75.5000    2.7162    0.7681    0.9263   -0.7495   -0.5898    0.2085    0.7428    0.0488    0.0642
   76.0000    2.7280    0.7681    0.9263   -0.7495   -0.5885    0.2098    0.7428    0.0488    0.0642
   76.5000    2.7397    0.7681    0.9263   -0.7495   -0.5871    0.2112    0.7428    0.0488    0.0642
   77.0000    2.7514    0.7681    0.9263   -0.7495   -0.5857    0.2126    0.7428    0.0488    0.0642
   77.5000    2.7631    0.7681    0.9263   -0.7495   -0.5843    0.2140    0.7428    0.0488    0.0642
   78.0000    2.7748    0.7681    0.9263   -0.7495   -0.5829    0.2153    0.7428    0.0488    0.0642
   78.5000    2.7866    0.7681    0.9263   -0.7495   -0.5816    0.2167    0.7428    0.0488    0.0642
   79.0000    2.7983    0.7681    0.9263   -0.7495   -0.5802    0.2181    0.7428    0.0488    0.0642
   79.5000    2.8100    0.7681    0.9263   -0.7495   -0.5788    0.2195    0.7428    0.0488    0.0642
   80.0000    2.8217    0.7681    0.9263   -0.7495   -0.5774    0.2209    0.7428    0.0488    0.0642
   80.5000    2.8334    0.7681    0.9263   -0.7495   -0.5760    0.2222    0.7428    0.0488    0.0642
   81.0000    2.8452    0.7681    0.9263   -0.7495   -0.5747    0.2236    0.7428    0.0488    0.0642
   81.5000    2.8569    0.7681    0.9263   -0.7495   -0.5733    0.2250    0.7428    0.0488    0.0642
   82.0000    2.8686    0.7681    0.9263   -0.7495   -0.5719    0.2264    0.7428    0.0488    0.0642
   82.5000    2.8803    0.7681    0.9263   -0.7495   -0.5705    0.2278    0.7428    0.0488    0.0642
   83.0000    2.8921    0.7681    0.9263   -0.7495   -0.5692    0.2291    0.7428    0.0488    0.0642
   83.5000    2.9038    0.7681    0.9263   -0.7495   -0.5678    0.2305    0.7428    0.0488    0.0642
   84.0000    2.9155    0.7681    0.9263   -0.7495   -0.5664    0.2319    0.7428    0.0488    0.0642
   84.5000    2.9272    0.7681    0.9263   -0.7495   -0.5650    0.2333    0.7428    0.0488    0.0642
   85.0000    2.9389    0.7681    0.9263   -0.7495   -0.5636    0.2346    0.7428    0.0488    0.0642
   85.5000    2.9507    0.7681    0.9263   -0.7495   -0.5623    0.2360    0.7428    0.0488    0.0642
   86.0000    2.9624    0.7681    0.9263   -0.7495   -0.5609    0.2374    0.7428    0.0488    0.0642
   86.5000    2.9741    0.7681    0.9263   -0.7495   -0.5595    0.2388    0.7428    0.0488    0.0642
   87.0000    2.9858    0.7681    0.9263   -0.7495   -0.5581    0.2402    0.7428    0.0488    0.0642
   87.5000    2.9976    0.7681    0.9263   -0.7495   -0.5568    0.2415    0.7428    0.0488    0.0642
   88.0000    3.0093    0.7681    0.9263   -0.7495   -0.5554    0.2429    0.7428    0.0488    0.0642
   88.5000    3.0210    0.7681    0.9263   -0.7495   -0.5540    0.2443    0.7428    0.0488    0.0642
   89.0000    3.0327    0.7681    0.9263   -0.7495   -0.5526    0.2457    0.7428    0.0488    0.0642
   89.5000    3.0444    0.7681    0.9263   -0.7495   -0.5512    0.2471    0.7428    0.0488    0.0642
   90.0000    3.0562    0.7681    0.9263   -0.7495   -0.5499    0.2484    0.7428    0.0488    0.0642
   90.5000    3.0679    0.7681    0.9263   -0.7495   -0.5485    0.2498    0.7428    0.0488    0.0642
   91.0000    3.0796    0.7681    0.9263   -0.7495   -0.5471    0.2512    0.7428    0.0488    0.0642
   91.5000    3.0913    0.7681    0.9263   -0.7495   -0.5457    0.2526    0.7428    0.0488    0.0642
   92.0000    3.1031    0.7681    0.9263   -0.7495   -0.5443    0.2539    0.7428    0.0488    0.0642
   92.5000    3.1148    0.7681    0.9263   -0.7495   -0.5430    0.2553    0.7428    0.0488    0.0642
   93.0000    3.1265    0.7681    0.9263   -0.7495   -0.5416    0.2567    0.7428    0.0488    0.0642
   93.5000    3.1382    0.7681    0.9263   -0.7495   -0.5402    0.2581    0.7428    0.0488    0.0642
   94.0000    3.1499    0.7681    0.9263   -0.7495   -0.5388    0.2595    0.7428    0.0488    0.0642
   94.5000    3.1617    0.7681    0.9263   -0.7495   -0.5375    0.2608    0.7428    0.0488    0.0642
   95.0000    3.1734    0.7681    0.9263   -0.7495   -0.5361    0.2622    0.7428    0.0488    0.0642
   95.5000    3.1851    0.7681    0.9263   -0.7495   -0.5347    0.2636    0.7428    0.0488    0.0642
   96.0000    3.1968    0.7681    0.9263   -0.7495   -0.5333    0.2650    0.7428    0.0488    0.0642
   96.5000    3.2085    0.7681    0.9263   -0.7495   -0.5319    0.2663    0.7428    0.0488    0.0642
   97.0000    3.2203    0.7681    0.9263   -0.7495   -0.5306    0.2677    0.7428    0.0488    0.0642
   97.5000    3.2320    0.7681    0.9263   -0.7495   -0.5292    0.2691    0.7428    0.0488    0.0642
   98.0000    3.2437    0.7681    0.9263   -0.7495   -0.5278    0.2705    0.7428    0.0488    0.0642
   98.5000    3.2554    0.7681    0.9263   -0.7495   -0.5264    0.2719    0.7428    0.0488    0.0642
   99.0000    3.2672    0.7681    0.9263   -0.7495   -0.5251    0.2732    0.7428    0.0488    0.0642
   99.5000    3.2789    0.7681    0.9263   -0.7495   -0.5237    0.2746    0.7428    0.0488    0.0642
  100.0000    1.0000    0.7681    0.9263   -0.7495   -0.8098    0.0000    0.7428    0.0488    0.0642
