         t         y         k       L_H       L_L       c_H       c_L       V_H       V_L      V_HL
    0.0000    0.0497    0.1249    0.2292    0.6389    0.0377    0.0182 1127.0889 1047.7772    1.0744
    0.5000    0.0494    0.1249    0.2292    0.6389    0.0377    0.0182 1127.7834 1048.4228    1.0744
    1.0000    0.0492    0.1249    0.2292    0.6389    0.0377    0.0182 1128.4670 1049.0583    1.0744
    1.5000    0.0489    0.1249    0.2292    0.6389    0.0377    0.0182 1129.1413 1049.6852    1.0744
    2.0000    0.0487    0.1249    0.2292    0.6389    0.0377    0.0182 1129.8081 1050.3051    1.0744
    2.5000    0.0484    0.1249    0.2292    0.6389    0.0377    0.0182 1130.4687 1050.9191    1.0744
    3.0000    0.0482    0.1249    0.2292    0.6389    0.0377    0.0182 1131.1241 1051.5285    1.0744
    3.5000    0.0480    0.1249    0.2292    0.6389    0.0377    0.0182 1131.7735 1052.1321    1.0744
    4.0000    0.0478    0.1249    0.2292    0.6389    0.0377    0.0182 1132.4171 1052.7304    1.0744
    4.5000    0.0475    0.1249    0.2292    0.6389    0.0377    0.0182 1133.0554 1053.3238    1.0744
    5.0000    0.0473    0.1249    0.2292    0.6389    0.0377    0.0182 1133.6887 1053.9126    1.0744
    5.5000    0.0470    0.1249    0.2292    0.6389    0.0377    0.0182 1134.3171 1054.4968    1.0744
    6.0000    0.0468    0.1249    0.2292    0.6389    0.0377    0.0182 1134.9403 1055.0761    1.0744
    6.5000    0.0465    0.1249    0.2292    0.6389    0.0377    0.0182 1135.5575 1055.6498    1.0744
    7.0000    0.0461    0.1248    0.2292    0.6389    0.0377    0.0182 1136.1663 1056.2159    1.0744
    7.5000    0.0457    0.1245    0.2292    0.6389    0.0377    0.0182 1136.7618 1056.7694    1.0744
    8.0000    0.0453    0.1240    0.2292    0.6389    0.0376    0.0181 1137.3375 1057.3046    1.0744
    8.5000    0.0447    0.1226    0.2292    0.6389    0.0376    0.0181 1137.8792 1057.8082    1.0744
    9.0000    0.0439    0.1196    0.2292    0.6389    0.0376    0.0181 1138.3643 1058.2591    1.0744
    9.5000    0.0430    0.1156    0.2292    0.6389    0.0376    0.0181 1138.7717 1058.6379    1.0744
   10.0000    0.0420    0.1114    0.2292    0.6389    0.0376    0.0181 1139.0934 1058.9370    1.0744
   10.5000    0.0412    0.1075    0.2292    0.6389    0.0375    0.0181 1139.3324 1059.1591    1.0744
   11.0000    0.0405    0.1042    0.2292    0.6389    0.0375    0.0181 1139.4991 1059.3141    1.0744
   11.5000    0.0400    0.1017    0.2292    0.6389    0.0375    0.0181 1139.6078 1059.4151    1.0744
   12.0000    0.0397    0.0999    0.2292    0.6389    0.0375    0.0181 1139.6735 1059.4763    1.0744
   12.5000    0.0394    0.0987    0.2292    0.6389    0.0375    0.0181 1139.7098 1059.5100    1.0744
   13.0000    0.0393    0.0980    0.2292    0.6389    0.0375    0.0181 1139.7274 1059.5263    1.0744
   13.5000    0.0392    0.0976    0.2292    0.6389    0.0375    0.0181 1139.7344 1059.5328    1.0744
   14.0000    0.0392    0.0974    0.2292    0.6389    0.0375    0.0181 1139.7363 1059.5346    1.0744
   14.5000    0.0392    0.0973    0.2292    0.6389    0.0375    0.0181 1139.7364 1059.5347    1.0744
   15.0000    0.0392    0.0973    0.2292    0.6389    0.0375    0.0181 1139.7364 1059.5347    1.0744
   15.5000    0.0392    0.0973    0.2292    0.6389    0.0375    0.0181 1139.7364 1059.5347    1.0744
   16.0000    0.0392    0.0973    0.2292    0.6389    0.0375    0.0181 1139.7364 1059.5347    1.0744
   16.5000    0.0392    0.0973    0.2292    0.6389    0.0375    0.0181 1139.7364 1059.5347    1.0744
   17.0000    0.0392    0.0973    0.2292    0.6389    0.0375    0.0181 1139.7364 1059.5347    1.0744
   17.5000    0.0392    0.0973    0.2292    0.6389    0.0375    0.0181 1139.7364 1059.5347    1.0744
   18.0000    0.0392    0.0973    0.2292    0.6389    0.0375    0.0181 1139.7364 1059.5347    1.0744
   18.5000    0.0392    0.0973    0.2292    0.6389    0.0375    0.0181 1139.7364 1059.5347    1.0744
   19.0000    0.0392    0.0973    0.2292    0.6389    0.0375    0.0181 1139.7364 1059.5347    1.0744
   19.5000    0.0392    0.0973    0.2292    0.6389    0.0375    0.0181 1139.7364 1059.5347    1.0744
   20.0000    0.0392    0.0973    0.2292    0.6389    0.0375    0.0181 1139.7364 1059.5347    1.0744
   20.5000    0.0392    0.0973    0.2292    0.6389    0.0375    0.0181 1139.7364 1059.5347    1.0744
   21.0000    0.0392    0.0973    0.2292    0.6389    0.0375    0.0181 1139.7364 1059.5347    1.0744
   21.5000    0.0392    0.0973    0.2292    0.6389    0.0375    0.0181 1139.7364 1059.5347    1.0744
   22.0000    0.0392    0.0973    0.2292    0.6389    0.0375    0.0181 1139.7364 1059.5347    1.0744
   22.5000    0.0392    0.0973    0.2292    0.6389    0.0375    0.0181 1139.7364 1059.5347    1.0744
   23.0000    0.0392    0.0973    0.2292    0.6389    0.0375    0.0181 1139.7364 1059.5347    1.0744
   23.5000    0.0392    0.0973    0.2292    0.6389    0.0375    0.0181 1139.7364 1059.5347    1.0744
   24.0000    0.0392    0.0973    0.2292    0.6389    0.0375    0.0181 1139.7364 1059.5347    1.0744
   24.5000    0.0392    0.0973    0.2292    0.6389    0.0375    0.0181 1139.7364 1059.5347    1.0744
   25.0000    0.0392    0.0973    0.2292    0.6389    0.0375    0.0181 1139.7364 1059.5347    1.0744
   25.5000    0.0392    0.0973    0.2292    0.6389    0.0375    0.0181 1139.7364 1059.5347    1.0744
   26.0000    0.0392    0.0973    0.2292    0.6389    0.0375    0.0181 1139.7364 1059.5347    1.0744
   26.5000    0.0392    0.0973    0.2292    0.6389    0.0375    0.0181 1139.7364 1059.5347    1.0744
   27.0000    0.0392    0.0973    0.2292    0.6389    0.0375    0.0181 1139.7364 1059.5347    1.0744
   27.5000    0.0392    0.0973    0.2292    0.6389    0.0375    0.0181 1139.7364 1059.5347    1.0744
   28.0000    0.0392    0.0973    0.2292    0.6389    0.0375    0.0181 1139.7364 1059.5347    1.0744
   28.5000    0.0392    0.0973    0.2292    0.6389    0.0375    0.0181 1139.7364 1059.5347    1.0744
   29.0000    0.0392    0.0973    0.2292    0.6389    0.0375    0.0181 1139.7364 1059.5347    1.0744
   29.5000    0.0392    0.0973    0.2292    0.6389    0.0375    0.0181 1139.7364 1059.5347    1.0744
   30.0000    0.0392    0.0973    0.2292    0.6389    0.0375    0.0181 1139.7364 1059.5347    1.0744
   30.5000    0.0392    0.0973    0.2292    0.6389    0.0375    0.0181 1139.7364 1059.5347    1.0744
   31.0000    0.0392    0.0973    0.2292    0.6389    0.0375    0.0181 1139.7364 1059.5347    1.0744
   31.5000    0.0392    0.0973    0.2292    0.6389    0.0375    0.0181 1139.7364 1059.5347    1.0744
   32.0000    0.0392    0.0973    0.2292    0.6389    0.0375    0.0181 1139.7364 1059.5347    1.0744
   32.5000    0.0392    0.0973    0.2292    0.6389    0.0375    0.0181 1139.7364 1059.5347    1.0744
   33.0000    0.0392    0.0973    0.2292    0.6389    0.0375    0.0181 1139.7364 1059.5347    1.0744
   33.5000    0.0392    0.0973    0.2292    0.6389    0.0375    0.0181 1139.7364 1059.5347    1.0744
   34.0000    0.0392    0.0973    0.2292    0.6389    0.0375    0.0181 1139.7364 1059.5347    1.0744
   34.5000    0.0392    0.0973    0.2292    0.6389    0.0375    0.0181 1139.7364 1059.5347    1.0744
   35.0000    0.0392    0.0973    0.2292    0.6389    0.0375    0.0181 1139.7364 1059.5347    1.0744
   35.5000    0.0392    0.0973    0.2292    0.6389    0.0375    0.0181 1139.7364 1059.5347    1.0744
   36.0000    0.0392    0.0973    0.2292    0.6389    0.0375    0.0181 1139.7364 1059.5347    1.0744
   36.5000    0.0392    0.0973    0.2292    0.6389    0.0375    0.0181 1139.7364 1059.5347    1.0744
   37.0000    0.0392    0.0973    0.2292    0.6389    0.0375    0.0181 1139.7364 1059.5347    1.0744
   37.5000    0.0392    0.0973    0.2292    0.6389    0.0375    0.0181 1139.7364 1059.5347    1.0744
   38.0000    0.0392    0.0973    0.2292    0.6389    0.0375    0.0181 1139.7364 1059.5347    1.0744
   38.5000    0.0392    0.0973    0.2292    0.6389    0.0375    0.0181 1139.7364 1059.5347    1.0744
   39.0000    0.0392    0.0973    0.2292    0.6389    0.0375    0.0181 1139.7364 1059.5347    1.0744
   39.5000    0.0392    0.0973    0.2292    0.6389    0.0375    0.0181 1139.7364 1059.5347    1.0744
   40.0000    0.0392    0.0973    0.2292    0.6389    0.0375    0.0181 1139.7364 1059.5347    1.0744
   40.5000    0.0392    0.0973    0.2292    0.6389    0.0375    0.0181 1139.7364 1059.5347    1.0744
   41.0000    0.0392    0.0973    0.2292    0.6389    0.0375    0.0181 1139.7364 1059.5347    1.0744
   41.5000    0.0392    0.0973    0.2292    0.6389    0.0375    0.0181 1139.7364 1059.5347    1.0744
   42.0000    0.0392    0.0973    0.2292    0.6389    0.0375    0.0181 1139.7364 1059.5347    1.0744
   42.5000    0.0392    0.0973    0.2292    0.6389    0.0375    0.0181 1139.7364 1059.5347    1.0744
   43.0000    0.0392    0.0973    0.2292    0.6389    0.0375    0.0181 1139.7364 1059.5347    1.0744
   43.5000    0.0392    0.0973    0.2292    0.6389    0.0375    0.0181 1139.7364 1059.5347    1.0744
   44.0000    0.0392    0.0973    0.2292    0.6389    0.0375    0.0181 1139.7364 1059.5347    1.0744
   44.5000    0.0392    0.0973    0.2292    0.6389    0.0375    0.0181 1139.7364 1059.5347    1.0744
   45.0000    0.0392    0.0973    0.2292    0.6389    0.0375    0.0181 1139.7364 1059.5347    1.0744
   45.5000    0.0392    0.0973    0.2292    0.6389    0.0375    0.0181 1139.7364 1059.5347    1.0744
   46.0000    0.0392    0.0973    0.2292    0.6389    0.0375    0.0181 1139.7364 1059.5347    1.0744
   46.5000    0.0392    0.0973    0.2292    0.6389    0.0375    0.0181 1139.7364 1059.5347    1.0744
   47.0000    0.0392    0.0973    0.2292    0.6389    0.0375    0.0181 1139.7364 1059.5347    1.0744
   47.5000    0.0392    0.0973    0.2292    0.6389    0.0375    0.0181 1139.7364 1059.5347    1.0744
   48.0000    0.0392    0.0973    0.2292    0.6389    0.0375    0.0181 1139.7364 1059.5347    1.0744
   48.5000    0.0392    0.0973    0.2292    0.6389    0.0375    0.0181 1139.7364 1059.5347    1.0744
   49.0000    0.0392    0.0973    0.2292    0.6389    0.0375    0.0181 1139.7364 1059.5347    1.0744
   49.5000    0.0392    0.0973    0.2292    0.6389    0.0375    0.0181 1139.7364 1059.5347    1.0744
   50.0000    0.0392    0.0973    0.2292    0.6389    0.0375    0.0181 1139.7364 1059.5347    1.0744
   50.5000    0.0392    0.0973    0.2292    0.6389    0.0375    0.0181 1139.7364 1059.5347    1.0744
   51.0000    0.0392    0.0973    0.2292    0.6389    0.0375    0.0181 1139.7364 1059.5347    1.0744
   51.5000    0.0392    0.0973    0.2292    0.6389    0.0375    0.0181 1139.7364 1059.5347    1.0744
   52.0000    0.0392    0.0973    0.2292    0.6389    0.0375    0.0181 1139.7364 1059.5347    1.0744
   52.5000    0.0392    0.0973    0.2292    0.6389    0.0375    0.0181 1139.7364 1059.5347    1.0744
   53.0000    0.0392    0.0973    0.2292    0.6389    0.0375    0.0181 1139.7364 1059.5347    1.0744
   53.5000    0.0392    0.0973    0.2292    0.6389    0.0375    0.0181 1139.7364 1059.5347    1.0744
   54.0000    0.0392    0.0973    0.2292    0.6389    0.0375    0.0181 1139.7364 1059.5347    1.0744
   54.5000    0.0392    0.0973    0.2292    0.6389    0.0375    0.0181 1139.7364 1059.5347    1.0744
   55.0000    0.0392    0.0973    0.2292    0.6389    0.0375    0.0181 1139.7364 1059.5347    1.0744
   55.5000    0.0392    0.0973    0.2292    0.6389    0.0375    0.0181 1139.7364 1059.5347    1.0744
   56.0000    0.0392    0.0973    0.2292    0.6389    0.0375    0.0181 1139.7364 1059.5347    1.0744
   56.5000    0.0392    0.0973    0.2292    0.6389    0.0375    0.0181 1139.7364 1059.5347    1.0744
   57.0000    0.0392    0.0973    0.2292    0.6389    0.0375    0.0181 1139.7364 1059.5347    1.0744
   57.5000    0.0392    0.0973    0.2292    0.6389    0.0375    0.0181 1139.7364 1059.5347    1.0744
   58.0000    0.0392    0.0973    0.2292    0.6389    0.0375    0.0181 1139.7364 1059.5347    1.0744
   58.5000    0.0392    0.0973    0.2292    0.6389    0.0375    0.0181 1139.7364 1059.5347    1.0744
   59.0000    0.0392    0.0973    0.2292    0.6389    0.0375    0.0181 1139.7364 1059.5347    1.0744
   59.5000    0.0392    0.0973    0.2292    0.6389    0.0375    0.0181 1139.7364 1059.5347    1.0744
   60.0000    0.0392    0.0973    0.2292    0.6389    0.0375    0.0181 1139.7364 1059.5347    1.0744
   60.5000    0.0392    0.0973    0.2292    0.6389    0.0375    0.0181 1139.7364 1059.5347    1.0744
   61.0000    0.0392    0.0973    0.2292    0.6389    0.0375    0.0181 1139.7364 1059.5347    1.0744
   61.5000    0.0392    0.0973    0.2292    0.6389    0.0375    0.0181 1139.7364 1059.5347    1.0744
   62.0000    0.0392    0.0973    0.2292    0.6389    0.0375    0.0181 1139.7364 1059.5347    1.0744
   62.5000    0.0392    0.0973    0.2292    0.6389    0.0375    0.0181 1139.7364 1059.5347    1.0744
   63.0000    0.0392    0.0973    0.2292    0.6389    0.0375    0.0181 1139.7364 1059.5347    1.0744
   63.5000    0.0392    0.0973    0.2292    0.6389    0.0375    0.0181 1139.7364 1059.5347    1.0744
   64.0000    0.0392    0.0973    0.2292    0.6389    0.0375    0.0181 1139.7364 1059.5347    1.0744
   64.5000    0.0392    0.0973    0.2292    0.6389    0.0375    0.0181 1139.7364 1059.5347    1.0744
   65.0000    0.0392    0.0973    0.2292    0.6389    0.0375    0.0181 1139.7364 1059.5347    1.0744
   65.5000    0.0392    0.0973    0.2292    0.6389    0.0375    0.0181 1139.7364 1059.5347    1.0744
   66.0000    0.0392    0.0973    0.2292    0.6389    0.0375    0.0181 1139.7364 1059.5347    1.0744
   66.5000    0.0392    0.0973    0.2292    0.6389    0.0375    0.0181 1139.7364 1059.5347    1.0744
   67.0000    0.0392    0.0973    0.2292    0.6389    0.0375    0.0181 1139.7364 1059.5347    1.0744
   67.5000    0.0392    0.0973    0.2292    0.6389    0.0375    0.0181 1139.7364 1059.5347    1.0744
   68.0000    0.0392    0.0973    0.2292    0.6389    0.0375    0.0181 1139.7364 1059.5347    1.0744
   68.5000    0.0392    0.0973    0.2292    0.6389    0.0375    0.0181 1139.7364 1059.5347    1.0744
   69.0000    0.0392    0.0973    0.2292    0.6389    0.0375    0.0181 1139.7364 1059.5347    1.0744
   69.5000    0.0392    0.0973    0.2292    0.6389    0.0375    0.0181 1139.7364 1059.5347    1.0744
   70.0000    0.0392    0.0973    0.2292    0.6389    0.0375    0.0181 1139.7364 1059.5347    1.0744
   70.5000    0.0392    0.0973    0.2292    0.6389    0.0375    0.0181 1139.7364 1059.5347    1.0744
   71.0000    0.0392    0.0973    0.2292    0.6389    0.0375    0.0181 1139.7364 1059.5347    1.0744
   71.5000    0.0392    0.0973    0.2292    0.6389    0.0375    0.0181 1139.7364 1059.5347    1.0744
   72.0000    0.0392    0.0973    0.2292    0.6389    0.0375    0.0181 1139.7364 1059.5347    1.0744
   72.5000    0.0392    0.0973    0.2292    0.6389    0.0375    0.0181 1139.7364 1059.5347    1.0744
   73.0000    0.0392    0.0973    0.2292    0.6389    0.0375    0.0181 1139.7364 1059.5347    1.0744
   73.5000    0.0392    0.0973    0.2292    0.6389    0.0375    0.0181 1139.7364 1059.5347    1.0744
   74.0000    0.0392    0.0973    0.2292    0.6389    0.0375    0.0181 1139.7364 1059.5347    1.0744
   74.5000    0.0392    0.0973    0.2292    0.6389    0.0375    0.0181 1139.7364 1059.5347    1.0744
   75.0000    0.0392    0.0973    0.2292    0.6389    0.0375    0.0181 1139.7364 1059.5347    1.0744
   75.5000    0.0392    0.0973    0.2292    0.6389    0.0375    0.0181 1139.7364 1059.5347    1.0744
   76.0000    0.0392    0.0973    0.2292    0.6389    0.0375    0.0181 1139.7364 1059.5347    1.0744
   76.5000    0.0392    0.0973    0.2292    0.6389    0.0375    0.0181 1139.7364 1059.5347    1.0744
   77.0000    0.0392    0.0973    0.2292    0.6389    0.0375    0.0181 1139.7364 1059.5347    1.0744
   77.5000    0.0392    0.0973    0.2292    0.6389    0.0375    0.0181 1139.7364 1059.5347    1.0744
   78.0000    0.0392    0.0973    0.2292    0.6389    0.0375    0.0181 1139.7364 1059.5347    1.0744
   78.5000    0.0392    0.0973    0.2292    0.6389    0.0375    0.0181 1139.7364 1059.5347    1.0744
   79.0000    0.0392    0.0973    0.2292    0.6389    0.0375    0.0181 1139.7364 1059.5347    1.0744
   79.5000    0.0392    0.0973    0.2292    0.6389    0.0375    0.0181 1139.7364 1059.5347    1.0744
   80.0000    0.0392    0.0973    0.2292    0.6389    0.0375    0.0181 1139.7364 1059.5347    1.0744
   80.5000    0.0392    0.0973    0.2292    0.6389    0.0375    0.0181 1139.7364 1059.5347    1.0744
   81.0000    0.0392    0.0973    0.2292    0.6389    0.0375    0.0181 1139.7364 1059.5347    1.0744
   81.5000    0.0392    0.0973    0.2292    0.6389    0.0375    0.0181 1139.7364 1059.5347    1.0744
   82.0000    0.0392    0.0973    0.2292    0.6389    0.0375    0.0181 1139.7364 1059.5347    1.0744
   82.5000    0.0392    0.0973    0.2292    0.6389    0.0375    0.0181 1139.7364 1059.5347    1.0744
   83.0000    0.0392    0.0973    0.2292    0.6389    0.0375    0.0181 1139.7364 1059.5347    1.0744
   83.5000    0.0392    0.0973    0.2292    0.6389    0.0375    0.0181 1139.7364 1059.5347    1.0744
   84.0000    0.0392    0.0973    0.2292    0.6389    0.0375    0.0181 1139.7364 1059.5347    1.0744
   84.5000    0.0392    0.0973    0.2292    0.6389    0.0375    0.0181 1139.7364 1059.5347    1.0744
   85.0000    0.0392    0.0973    0.2292    0.6389    0.0375    0.0181 1139.7364 1059.5347    1.0744
   85.5000    0.0392    0.0973    0.2292    0.6389    0.0375    0.0181 1139.7364 1059.5347    1.0744
   86.0000    0.0392    0.0973    0.2292    0.6389    0.0375    0.0181 1139.7364 1059.5347    1.0744
   86.5000    0.0392    0.0973    0.2292    0.6389    0.0375    0.0181 1139.7364 1059.5347    1.0744
   87.0000    0.0392    0.0973    0.2292    0.6389    0.0375    0.0181 1139.7364 1059.5347    1.0744
   87.5000    0.0392    0.0973    0.2292    0.6389    0.0375    0.0181 1139.7364 1059.5347    1.0744
   88.0000    0.0392    0.0973    0.2292    0.6389    0.0375    0.0181 1139.7364 1059.5347    1.0744
   88.5000    0.0392    0.0973    0.2292    0.6389    0.0375    0.0181 1139.7364 1059.5347    1.0744
   89.0000    0.0392    0.0973    0.2292    0.6389    0.0375    0.0181 1139.7364 1059.5347    1.0744
   89.5000    0.0392    0.0973    0.2292    0.6389    0.0375    0.0181 1139.7364 1059.5347    1.0744
   90.0000    0.0392    0.0973    0.2292    0.6389    0.0375    0.0181 1139.7364 1059.5347    1.0744
   90.5000    0.0392    0.0973    0.2292    0.6389    0.0375    0.0181 1139.7364 1059.5347    1.0744
   91.0000    0.0392    0.0973    0.2292    0.6389    0.0375    0.0181 1139.7364 1059.5347    1.0744
   91.5000    0.0392    0.0973    0.2292    0.6389    0.0375    0.0181 1139.7364 1059.5347    1.0744
   92.0000    0.0392    0.0973    0.2292    0.6389    0.0375    0.0181 1139.7364 1059.5347    1.0744
   92.5000    0.0392    0.0973    0.2292    0.6389    0.0375    0.0181 1139.7364 1059.5347    1.0744
   93.0000    0.0392    0.0973    0.2292    0.6389    0.0375    0.0181 1139.7364 1059.5347    1.0744
   93.5000    0.0392    0.0973    0.2292    0.6389    0.0375    0.0181 1139.7364 1059.5347    1.0744
   94.0000    0.0392    0.0973    0.2292    0.6389    0.0375    0.0181 1139.7364 1059.5347    1.0744
   94.5000    0.0392    0.0973    0.2292    0.6389    0.0375    0.0181 1139.7364 1059.5347    1.0744
   95.0000    0.0392    0.0973    0.2292    0.6389    0.0375    0.0181 1139.7364 1059.5347    1.0744
   95.5000    0.0392    0.0973    0.2292    0.6389    0.0375    0.0181 1139.7364 1059.5347    1.0744
   96.0000    0.0392    0.0973    0.2292    0.6389    0.0375    0.0181 1139.7364 1059.5347    1.0744
   96.5000    0.0392    0.0973    0.2292    0.6389    0.0375    0.0181 1139.7364 1059.5347    1.0744
   97.0000    0.0392    0.0973    0.2292    0.6389    0.0375    0.0181 1139.7364 1059.5347    1.0744
   97.5000    0.0392    0.0973    0.2292    0.6389    0.0375    0.0181 1139.7364 1059.5347    1.0744
   98.0000    0.0392    0.0973    0.2292    0.6389    0.0375    0.0181 1139.7364 1059.5347    1.0744
   98.5000    0.0392    0.0973    0.2292    0.6389    0.0375    0.0181 1139.7364 1059.5347    1.0744
   99.0000    0.0392    0.0973    0.2292    0.6389    0.0375    0.0181 1139.7364 1059.5347    1.0744
   99.5000    0.0392    0.0973    0.2292    0.6389    0.0375    0.0181 1139.7364 1059.5347    1.0744
  100.0000    0.0392    0.0973    0.2292    0.6389    0.0375    0.0181 1139.7364 1059.5347    1.0744
