         t         y         k       L_H       L_L       c_H       c_L       V_H       V_L      V_HL
    0.0000    0.0497    0.1249    0.2292    0.6389    0.0374    0.0179 1124.7672 1044.9984    1.0867
    0.5000    0.0494    0.1249    0.2292    0.6389    0.0374    0.0179 1125.4619 1045.6438    1.0867
    1.0000    0.0492    0.1249    0.2292    0.6389    0.0374    0.0179 1126.1456 1046.2791    1.0867
    1.5000    0.0489    0.1249    0.2292    0.6389    0.0374    0.0179 1126.8202 1046.9058    1.0867
    2.0000    0.0487    0.1249    0.2292    0.6389    0.0374    0.0179 1127.4872 1047.5255    1.0867
    2.5000    0.0484    0.1249    0.2292    0.6389    0.0374    0.0179 1128.1480 1048.1394    1.0867
    3.0000    0.0482    0.1249    0.2292    0.6389    0.0374    0.0179 1128.8037 1048.7486    1.0867
    3.5000    0.0480    0.1249    0.2292    0.6389    0.0374    0.0179 1129.4533 1049.3521    1.0867
    4.0000    0.0478    0.1249    0.2292    0.6389    0.0374    0.0179 1130.0972 1049.9504    1.0867
    4.5000    0.0476    0.1249    0.2292    0.6389    0.0374    0.0179 1130.7360 1050.5439    1.0867
    5.0000    0.0473    0.1249    0.2292    0.6389    0.0374    0.0179 1131.3700 1051.1329    1.0867
    5.5000    0.0471    0.1249    0.2292    0.6389    0.0374    0.0179 1131.9995 1051.7178    1.0867
    6.0000    0.0468    0.1249    0.2292    0.6389    0.0373    0.0179 1132.6243 1052.2982    1.0867
    6.5000    0.0465    0.1249    0.2292    0.6389    0.0373    0.0179 1133.2442 1052.8742    1.0867
    7.0000    0.0462    0.1249    0.2292    0.6389    0.0373    0.0179 1133.8582 1053.4447    1.0867
    7.5000    0.0458    0.1247    0.2292    0.6389    0.0373    0.0179 1134.4630 1054.0065    1.0867
    8.0000    0.0454    0.1245    0.2292    0.6389    0.0373    0.0179 1135.0561 1054.5576    1.0867
    8.5000    0.0450    0.1239    0.2292    0.6389    0.0373    0.0179 1135.6297 1055.0905    1.0867
    9.0000    0.0444    0.1225    0.2292    0.6389    0.0372    0.0178 1136.1690 1055.5916    1.0867
    9.5000    0.0436    0.1194    0.2292    0.6389    0.0372    0.0178 1136.6517 1056.0401    1.0867
   10.0000    0.0427    0.1154    0.2292    0.6389    0.0372    0.0178 1137.0582 1056.4177    1.0867
   10.5000    0.0417    0.1113    0.2292    0.6389    0.0372    0.0178 1137.3814 1056.7180    1.0867
   11.0000    0.0409    0.1075    0.2292    0.6389    0.0372    0.0178 1137.6246 1056.9440    1.0867
   11.5000    0.0403    0.1043    0.2292    0.6389    0.0372    0.0178 1137.7983 1057.1054    1.0867
   12.0000    0.0398    0.1019    0.2292    0.6389    0.0371    0.0178 1137.9162 1057.2148    1.0867
   12.5000    0.0395    0.1001    0.2292    0.6389    0.0371    0.0178 1137.9920 1057.2853    1.0867
   13.0000    0.0393    0.0989    0.2292    0.6389    0.0371    0.0178 1138.0382 1057.3282    1.0867
   13.5000    0.0391    0.0982    0.2292    0.6389    0.0371    0.0178 1138.0652 1057.3533    1.0867
   14.0000    0.0390    0.0977    0.2292    0.6389    0.0371    0.0178 1138.0803 1057.3673    1.0867
   14.5000    0.0390    0.0974    0.2292    0.6389    0.0371    0.0178 1138.0885 1057.3749    1.0867
   15.0000    0.0389    0.0972    0.2292    0.6389    0.0371    0.0178 1138.0927 1057.3789    1.0867
   15.5000    0.0389    0.0972    0.2292    0.6389    0.0371    0.0178 1138.0949 1057.3809    1.0867
   16.0000    0.0389    0.0971    0.2292    0.6389    0.0371    0.0178 1138.0959 1057.3818    1.0867
   16.5000    0.0389    0.0971    0.2292    0.6389    0.0371    0.0178 1138.0964 1057.3823    1.0867
   17.0000    0.0389    0.0971    0.2292    0.6389    0.0371    0.0178 1138.0966 1057.3825    1.0867
   17.5000    0.0389    0.0971    0.2292    0.6389    0.0371    0.0178 1138.0967 1057.3826    1.0867
   18.0000    0.0389    0.0971    0.2292    0.6389    0.0371    0.0178 1138.0967 1057.3826    1.0867
   18.5000    0.0389    0.0971    0.2292    0.6389    0.0371    0.0178 1138.0967 1057.3826    1.0867
   19.0000    0.0389    0.0971    0.2292    0.6389    0.0371    0.0178 1138.0967 1057.3826    1.0867
   19.5000    0.0389    0.0971    0.2292    0.6389    0.0371    0.0178 1138.0967 1057.3826    1.0867
   20.0000    0.0389    0.0971    0.2292    0.6389    0.0371    0.0178 1138.0967 1057.3826    1.0867
   20.5000    0.0389    0.0971    0.2292    0.6389    0.0371    0.0178 1138.0967 1057.3826    1.0867
   21.0000    0.0389    0.0971    0.2292    0.6389    0.0371    0.0178 1138.0967 1057.3826    1.0867
   21.5000    0.0389    0.0971    0.2292    0.6389    0.0371    0.0178 1138.0967 1057.3826    1.0867
   22.0000    0.0389    0.0971    0.2292    0.6389    0.0371    0.0178 1138.0967 1057.3826    1.0867
   22.5000    0.0389    0.0971    0.2292    0.6389    0.0371    0.0178 1138.0967 1057.3826    1.0867
   23.0000    0.0389    0.0971    0.2292    0.6389    0.0371    0.0178 1138.0967 1057.3826    1.0867
   23.5000    0.0389    0.0971    0.2292    0.6389    0.0371    0.0178 1138.0967 1057.3826    1.0867
   24.0000    0.0389    0.0971    0.2292    0.6389    0.0371    0.0178 1138.0967 1057.3826    1.0867
   24.5000    0.0389    0.0971    0.2292    0.6389    0.0371    0.0178 1138.0967 1057.3826    1.0867
   25.0000    0.0389    0.0971    0.2292    0.6389    0.0371    0.0178 1138.0967 1057.3826    1.0867
   25.5000    0.0389    0.0971    0.2292    0.6389    0.0371    0.0178 1138.0967 1057.3826    1.0867
   26.0000    0.0389    0.0971    0.2292    0.6389    0.0371    0.0178 1138.0967 1057.3826    1.0867
   26.5000    0.0389    0.0971    0.2292    0.6389    0.0371    0.0178 1138.0967 1057.3826    1.0867
   27.0000    0.0389    0.0971    0.2292    0.6389    0.0371    0.0178 1138.0967 1057.3826    1.0867
   27.5000    0.0389    0.0971    0.2292    0.6389    0.0371    0.0178 1138.0967 1057.3826    1.0867
   28.0000    0.0389    0.0971    0.2292    0.6389    0.0371    0.0178 1138.0967 1057.3826    1.0867
   28.5000    0.0389    0.0971    0.2292    0.6389    0.0371    0.0178 1138.0967 1057.3826    1.0867
   29.0000    0.0389    0.0971    0.2292    0.6389    0.0371    0.0178 1138.0967 1057.3826    1.0867
   29.5000    0.0389    0.0971    0.2292    0.6389    0.0371    0.0178 1138.0967 1057.3826    1.0867
   30.0000    0.0389    0.0971    0.2292    0.6389    0.0371    0.0178 1138.0967 1057.3826    1.0867
   30.5000    0.0389    0.0971    0.2292    0.6389    0.0371    0.0178 1138.0967 1057.3826    1.0867
   31.0000    0.0389    0.0971    0.2292    0.6389    0.0371    0.0178 1138.0967 1057.3826    1.0867
   31.5000    0.0389    0.0971    0.2292    0.6389    0.0371    0.0178 1138.0967 1057.3826    1.0867
   32.0000    0.0389    0.0971    0.2292    0.6389    0.0371    0.0178 1138.0967 1057.3826    1.0867
   32.5000    0.0389    0.0971    0.2292    0.6389    0.0371    0.0178 1138.0967 1057.3826    1.0867
   33.0000    0.0389    0.0971    0.2292    0.6389    0.0371    0.0178 1138.0967 1057.3826    1.0867
   33.5000    0.0389    0.0971    0.2292    0.6389    0.0371    0.0178 1138.0967 1057.3826    1.0867
   34.0000    0.0389    0.0971    0.2292    0.6389    0.0371    0.0178 1138.0967 1057.3826    1.0867
   34.5000    0.0389    0.0971    0.2292    0.6389    0.0371    0.0178 1138.0967 1057.3826    1.0867
   35.0000    0.0389    0.0971    0.2292    0.6389    0.0371    0.0178 1138.0967 1057.3826    1.0867
   35.5000    0.0389    0.0971    0.2292    0.6389    0.0371    0.0178 1138.0967 1057.3826    1.0867
   36.0000    0.0389    0.0971    0.2292    0.6389    0.0371    0.0178 1138.0967 1057.3826    1.0867
   36.5000    0.0389    0.0971    0.2292    0.6389    0.0371    0.0178 1138.0967 1057.3826    1.0867
   37.0000    0.0389    0.0971    0.2292    0.6389    0.0371    0.0178 1138.0967 1057.3826    1.0867
   37.5000    0.0389    0.0971    0.2292    0.6389    0.0371    0.0178 1138.0967 1057.3826    1.0867
   38.0000    0.0389    0.0971    0.2292    0.6389    0.0371    0.0178 1138.0967 1057.3826    1.0867
   38.5000    0.0389    0.0971    0.2292    0.6389    0.0371    0.0178 1138.0967 1057.3826    1.0867
   39.0000    0.0389    0.0971    0.2292    0.6389    0.0371    0.0178 1138.0967 1057.3826    1.0867
   39.5000    0.0389    0.0971    0.2292    0.6389    0.0371    0.0178 1138.0967 1057.3826    1.0867
   40.0000    0.0389    0.0971    0.2292    0.6389    0.0371    0.0178 1138.0967 1057.3826    1.0867
   40.5000    0.0389    0.0971    0.2292    0.6389    0.0371    0.0178 1138.0967 1057.3826    1.0867
   41.0000    0.0389    0.0971    0.2292    0.6389    0.0371    0.0178 1138.0967 1057.3826    1.0867
   41.5000    0.0389    0.0971    0.2292    0.6389    0.0371    0.0178 1138.0967 1057.3826    1.0867
   42.0000    0.0389    0.0971    0.2292    0.6389    0.0371    0.0178 1138.0967 1057.3826    1.0867
   42.5000    0.0389    0.0971    0.2292    0.6389    0.0371    0.0178 1138.0967 1057.3826    1.0867
   43.0000    0.0389    0.0971    0.2292    0.6389    0.0371    0.0178 1138.0967 1057.3826    1.0867
   43.5000    0.0389    0.0971    0.2292    0.6389    0.0371    0.0178 1138.0967 1057.3826    1.0867
   44.0000    0.0389    0.0971    0.2292    0.6389    0.0371    0.0178 1138.0967 1057.3826    1.0867
   44.5000    0.0389    0.0971    0.2292    0.6389    0.0371    0.0178 1138.0967 1057.3826    1.0867
   45.0000    0.0389    0.0971    0.2292    0.6389    0.0371    0.0178 1138.0967 1057.3826    1.0867
   45.5000    0.0389    0.0971    0.2292    0.6389    0.0371    0.0178 1138.0967 1057.3826    1.0867
   46.0000    0.0389    0.0971    0.2292    0.6389    0.0371    0.0178 1138.0967 1057.3826    1.0867
   46.5000    0.0389    0.0971    0.2292    0.6389    0.0371    0.0178 1138.0967 1057.3826    1.0867
   47.0000    0.0389    0.0971    0.2292    0.6389    0.0371    0.0178 1138.0967 1057.3826    1.0867
   47.5000    0.0389    0.0971    0.2292    0.6389    0.0371    0.0178 1138.0967 1057.3826    1.0867
   48.0000    0.0389    0.0971    0.2292    0.6389    0.0371    0.0178 1138.0967 1057.3826    1.0867
   48.5000    0.0389    0.0971    0.2292    0.6389    0.0371    0.0178 1138.0967 1057.3826    1.0867
   49.0000    0.0389    0.0971    0.2292    0.6389    0.0371    0.0178 1138.0967 1057.3826    1.0867
   49.5000    0.0389    0.0971    0.2292    0.6389    0.0371    0.0178 1138.0967 1057.3826    1.0867
   50.0000    0.0389    0.0971    0.2292    0.6389    0.0371    0.0178 1138.0967 1057.3826    1.0867
   50.5000    0.0389    0.0971    0.2292    0.6389    0.0371    0.0178 1138.0967 1057.3826    1.0867
   51.0000    0.0389    0.0971    0.2292    0.6389    0.0371    0.0178 1138.0967 1057.3826    1.0867
   51.5000    0.0389    0.0971    0.2292    0.6389    0.0371    0.0178 1138.0967 1057.3826    1.0867
   52.0000    0.0389    0.0971    0.2292    0.6389    0.0371    0.0178 1138.0967 1057.3826    1.0867
   52.5000    0.0389    0.0971    0.2292    0.6389    0.0371    0.0178 1138.0967 1057.3826    1.0867
   53.0000    0.0389    0.0971    0.2292    0.6389    0.0371    0.0178 1138.0967 1057.3826    1.0867
   53.5000    0.0389    0.0971    0.2292    0.6389    0.0371    0.0178 1138.0967 1057.3826    1.0867
   54.0000    0.0389    0.0971    0.2292    0.6389    0.0371    0.0178 1138.0967 1057.3826    1.0867
   54.5000    0.0389    0.0971    0.2292    0.6389    0.0371    0.0178 1138.0967 1057.3826    1.0867
   55.0000    0.0389    0.0971    0.2292    0.6389    0.0371    0.0178 1138.0967 1057.3826    1.0867
   55.5000    0.0389    0.0971    0.2292    0.6389    0.0371    0.0178 1138.0967 1057.3826    1.0867
   56.0000    0.0389    0.0971    0.2292    0.6389    0.0371    0.0178 1138.0967 1057.3826    1.0867
   56.5000    0.0389    0.0971    0.2292    0.6389    0.0371    0.0178 1138.0967 1057.3826    1.0867
   57.0000    0.0389    0.0971    0.2292    0.6389    0.0371    0.0178 1138.0967 1057.3826    1.0867
   57.5000    0.0389    0.0971    0.2292    0.6389    0.0371    0.0178 1138.0967 1057.3826    1.0867
   58.0000    0.0389    0.0971    0.2292    0.6389    0.0371    0.0178 1138.0967 1057.3826    1.0867
   58.5000    0.0389    0.0971    0.2292    0.6389    0.0371    0.0178 1138.0967 1057.3826    1.0867
   59.0000    0.0389    0.0971    0.2292    0.6389    0.0371    0.0178 1138.0967 1057.3826    1.0867
   59.5000    0.0389    0.0971    0.2292    0.6389    0.0371    0.0178 1138.0967 1057.3826    1.0867
   60.0000    0.0389    0.0971    0.2292    0.6389    0.0371    0.0178 1138.0967 1057.3826    1.0867
   60.5000    0.0389    0.0971    0.2292    0.6389    0.0371    0.0178 1138.0967 1057.3826    1.0867
   61.0000    0.0389    0.0971    0.2292    0.6389    0.0371    0.0178 1138.0967 1057.3826    1.0867
   61.5000    0.0389    0.0971    0.2292    0.6389    0.0371    0.0178 1138.0967 1057.3826    1.0867
   62.0000    0.0389    0.0971    0.2292    0.6389    0.0371    0.0178 1138.0967 1057.3826    1.0867
   62.5000    0.0389    0.0971    0.2292    0.6389    0.0371    0.0178 1138.0967 1057.3826    1.0867
   63.0000    0.0389    0.0971    0.2292    0.6389    0.0371    0.0178 1138.0967 1057.3826    1.0867
   63.5000    0.0389    0.0971    0.2292    0.6389    0.0371    0.0178 1138.0967 1057.3826    1.0867
   64.0000    0.0389    0.0971    0.2292    0.6389    0.0371    0.0178 1138.0967 1057.3826    1.0867
   64.5000    0.0389    0.0971    0.2292    0.6389    0.0371    0.0178 1138.0967 1057.3826    1.0867
   65.0000    0.0389    0.0971    0.2292    0.6389    0.0371    0.0178 1138.0967 1057.3826    1.0867
   65.5000    0.0389    0.0971    0.2292    0.6389    0.0371    0.0178 1138.0967 1057.3826    1.0867
   66.0000    0.0389    0.0971    0.2292    0.6389    0.0371    0.0178 1138.0967 1057.3826    1.0867
   66.5000    0.0389    0.0971    0.2292    0.6389    0.0371    0.0178 1138.0967 1057.3826    1.0867
   67.0000    0.0389    0.0971    0.2292    0.6389    0.0371    0.0178 1138.0967 1057.3826    1.0867
   67.5000    0.0389    0.0971    0.2292    0.6389    0.0371    0.0178 1138.0967 1057.3826    1.0867
   68.0000    0.0389    0.0971    0.2292    0.6389    0.0371    0.0178 1138.0967 1057.3826    1.0867
   68.5000    0.0389    0.0971    0.2292    0.6389    0.0371    0.0178 1138.0967 1057.3826    1.0867
   69.0000    0.0389    0.0971    0.2292    0.6389    0.0371    0.0178 1138.0967 1057.3826    1.0867
   69.5000    0.0389    0.0971    0.2292    0.6389    0.0371    0.0178 1138.0967 1057.3826    1.0867
   70.0000    0.0389    0.0971    0.2292    0.6389    0.0371    0.0178 1138.0967 1057.3826    1.0867
   70.5000    0.0389    0.0971    0.2292    0.6389    0.0371    0.0178 1138.0967 1057.3826    1.0867
   71.0000    0.0389    0.0971    0.2292    0.6389    0.0371    0.0178 1138.0967 1057.3826    1.0867
   71.5000    0.0389    0.0971    0.2292    0.6389    0.0371    0.0178 1138.0967 1057.3826    1.0867
   72.0000    0.0389    0.0971    0.2292    0.6389    0.0371    0.0178 1138.0967 1057.3826    1.0867
   72.5000    0.0389    0.0971    0.2292    0.6389    0.0371    0.0178 1138.0967 1057.3826    1.0867
   73.0000    0.0389    0.0971    0.2292    0.6389    0.0371    0.0178 1138.0967 1057.3826    1.0867
   73.5000    0.0389    0.0971    0.2292    0.6389    0.0371    0.0178 1138.0967 1057.3826    1.0867
   74.0000    0.0389    0.0971    0.2292    0.6389    0.0371    0.0178 1138.0967 1057.3826    1.0867
   74.5000    0.0389    0.0971    0.2292    0.6389    0.0371    0.0178 1138.0967 1057.3826    1.0867
   75.0000    0.0389    0.0971    0.2292    0.6389    0.0371    0.0178 1138.0967 1057.3826    1.0867
   75.5000    0.0389    0.0971    0.2292    0.6389    0.0371    0.0178 1138.0967 1057.3826    1.0867
   76.0000    0.0389    0.0971    0.2292    0.6389    0.0371    0.0178 1138.0967 1057.3826    1.0867
   76.5000    0.0389    0.0971    0.2292    0.6389    0.0371    0.0178 1138.0967 1057.3826    1.0867
   77.0000    0.0389    0.0971    0.2292    0.6389    0.0371    0.0178 1138.0967 1057.3826    1.0867
   77.5000    0.0389    0.0971    0.2292    0.6389    0.0371    0.0178 1138.0967 1057.3826    1.0867
   78.0000    0.0389    0.0971    0.2292    0.6389    0.0371    0.0178 1138.0967 1057.3826    1.0867
   78.5000    0.0389    0.0971    0.2292    0.6389    0.0371    0.0178 1138.0967 1057.3826    1.0867
   79.0000    0.0389    0.0971    0.2292    0.6389    0.0371    0.0178 1138.0967 1057.3826    1.0867
   79.5000    0.0389    0.0971    0.2292    0.6389    0.0371    0.0178 1138.0967 1057.3826    1.0867
   80.0000    0.0389    0.0971    0.2292    0.6389    0.0371    0.0178 1138.0967 1057.3826    1.0867
   80.5000    0.0389    0.0971    0.2292    0.6389    0.0371    0.0178 1138.0967 1057.3826    1.0867
   81.0000    0.0389    0.0971    0.2292    0.6389    0.0371    0.0178 1138.0967 1057.3826    1.0867
   81.5000    0.0389    0.0971    0.2292    0.6389    0.0371    0.0178 1138.0967 1057.3826    1.0867
   82.0000    0.0389    0.0971    0.2292    0.6389    0.0371    0.0178 1138.0967 1057.3826    1.0867
   82.5000    0.0389    0.0971    0.2292    0.6389    0.0371    0.0178 1138.0967 1057.3826    1.0867
   83.0000    0.0389    0.0971    0.2292    0.6389    0.0371    0.0178 1138.0967 1057.3826    1.0867
   83.5000    0.0389    0.0971    0.2292    0.6389    0.0371    0.0178 1138.0967 1057.3826    1.0867
   84.0000    0.0389    0.0971    0.2292    0.6389    0.0371    0.0178 1138.0967 1057.3826    1.0867
   84.5000    0.0389    0.0971    0.2292    0.6389    0.0371    0.0178 1138.0967 1057.3826    1.0867
   85.0000    0.0389    0.0971    0.2292    0.6389    0.0371    0.0178 1138.0967 1057.3826    1.0867
   85.5000    0.0389    0.0971    0.2292    0.6389    0.0371    0.0178 1138.0967 1057.3826    1.0867
   86.0000    0.0389    0.0971    0.2292    0.6389    0.0371    0.0178 1138.0967 1057.3826    1.0867
   86.5000    0.0389    0.0971    0.2292    0.6389    0.0371    0.0178 1138.0967 1057.3826    1.0867
   87.0000    0.0389    0.0971    0.2292    0.6389    0.0371    0.0178 1138.0967 1057.3826    1.0867
   87.5000    0.0389    0.0971    0.2292    0.6389    0.0371    0.0178 1138.0967 1057.3826    1.0867
   88.0000    0.0389    0.0971    0.2292    0.6389    0.0371    0.0178 1138.0967 1057.3826    1.0867
   88.5000    0.0389    0.0971    0.2292    0.6389    0.0371    0.0178 1138.0967 1057.3826    1.0867
   89.0000    0.0389    0.0971    0.2292    0.6389    0.0371    0.0178 1138.0967 1057.3826    1.0867
   89.5000    0.0389    0.0971    0.2292    0.6389    0.0371    0.0178 1138.0967 1057.3826    1.0867
   90.0000    0.0389    0.0971    0.2292    0.6389    0.0371    0.0178 1138.0967 1057.3826    1.0867
   90.5000    0.0389    0.0971    0.2292    0.6389    0.0371    0.0178 1138.0967 1057.3826    1.0867
   91.0000    0.0389    0.0971    0.2292    0.6389    0.0371    0.0178 1138.0967 1057.3826    1.0867
   91.5000    0.0389    0.0971    0.2292    0.6389    0.0371    0.0178 1138.0967 1057.3826    1.0867
   92.0000    0.0389    0.0971    0.2292    0.6389    0.0371    0.0178 1138.0967 1057.3826    1.0867
   92.5000    0.0389    0.0971    0.2292    0.6389    0.0371    0.0178 1138.0967 1057.3826    1.0867
   93.0000    0.0389    0.0971    0.2292    0.6389    0.0371    0.0178 1138.0967 1057.3826    1.0867
   93.5000    0.0389    0.0971    0.2292    0.6389    0.0371    0.0178 1138.0967 1057.3826    1.0867
   94.0000    0.0389    0.0971    0.2292    0.6389    0.0371    0.0178 1138.0967 1057.3826    1.0867
   94.5000    0.0389    0.0971    0.2292    0.6389    0.0371    0.0178 1138.0967 1057.3826    1.0867
   95.0000    0.0389    0.0971    0.2292    0.6389    0.0371    0.0178 1138.0967 1057.3826    1.0867
   95.5000    0.0389    0.0971    0.2292    0.6389    0.0371    0.0178 1138.0967 1057.3826    1.0867
   96.0000    0.0389    0.0971    0.2292    0.6389    0.0371    0.0178 1138.0967 1057.3826    1.0867
   96.5000    0.0389    0.0971    0.2292    0.6389    0.0371    0.0178 1138.0967 1057.3826    1.0867
   97.0000    0.0389    0.0971    0.2292    0.6389    0.0371    0.0178 1138.0967 1057.3826    1.0867
   97.5000    0.0389    0.0971    0.2292    0.6389    0.0371    0.0178 1138.0967 1057.3826    1.0867
   98.0000    0.0389    0.0971    0.2292    0.6389    0.0371    0.0178 1138.0967 1057.3826    1.0867
   98.5000    0.0389    0.0971    0.2292    0.6389    0.0371    0.0178 1138.0967 1057.3826    1.0867
   99.0000    0.0389    0.0971    0.2292    0.6389    0.0371    0.0178 1138.0967 1057.3826    1.0867
   99.5000    0.0389    0.0971    0.2292    0.6389    0.0371    0.0178 1138.0967 1057.3826    1.0867
  100.0000    0.0389    0.0971    0.2292    0.6389    0.0371    0.0178 1138.0967 1057.3826    1.0867
