         t         y         k       L_H       L_L       c_H       c_L       V_H       V_L      V_HL
    0.0000    0.0497    0.1249    0.2292    0.6389    0.0383    0.0179 1091.6978 1011.6974    1.1405
    0.5000    0.0473    0.1249    0.1910    0.6203    0.0382    0.0179 1092.1895 1012.1531    1.1405
    1.0000    0.0470    0.1249    0.1909    0.6229    0.0381    0.0178 1092.6837 1012.6110    1.1405
    1.5000    0.0466    0.1249    0.1909    0.6226    0.0381    0.0178 1093.1804 1013.0714    1.1405
    2.0000    0.0463    0.1249    0.1908    0.6246    0.0380    0.0177 1093.6799 1013.5342    1.1405
    2.5000    0.0459    0.1249    0.1907    0.6252    0.0379    0.0177 1094.1819 1013.9994    1.1405
    3.0000    0.0456    0.1249    0.1907    0.6273    0.0378    0.0177 1094.6864 1014.4669    1.1405
    3.5000    0.0453    0.1249    0.1907    0.6287    0.0378    0.0176 1095.1935 1014.9368    1.1405
    4.0000    0.0449    0.1249    0.1907    0.6304    0.0377    0.0176 1095.7032 1015.4091    1.1405
    4.5000    0.0445    0.1249    0.1905    0.6307    0.0376    0.0176 1096.2156 1015.8840    1.1405
    5.0000    0.0441    0.1249    0.1904    0.6320    0.0376    0.0176 1096.7302 1016.3609    1.1405
    5.5000    0.0437    0.1249    0.1903    0.6339    0.0375    0.0175 1097.2474 1016.8402    1.1405
    6.0000    0.0432    0.1249    0.1901    0.6351    0.0375    0.0175 1097.7673 1017.3219    1.1405
    6.5000    0.0431    0.1249    0.1899    0.6375    0.0374    0.0175 1098.2897 1017.8061    1.1405
    7.0000    0.0431    0.1249    0.1907    0.6389    0.0373    0.0174 1098.8147 1018.2925    1.1405
    7.5000    0.0433    0.1247    0.1930    0.6462    0.0373    0.0174 1099.3438 1018.7829    1.1405
    8.0000    0.0428    0.1243    0.1934    0.6332    0.0372    0.0174 1099.8770 1019.2769    1.1405
    8.5000    0.0425    0.1232    0.1960    0.6268    0.0372    0.0174 1100.4129 1019.7736    1.1405
    9.0000    0.0420    0.1206    0.2007    0.6193    0.0371    0.0173 1100.9408 1020.2628    1.1405
    9.5000    0.0410    0.1168    0.2031    0.6024    0.0371    0.0173 1101.4394 1020.7248    1.1405
   10.0000    0.0399    0.1121    0.2020    0.5935    0.0370    0.0173 1101.8964 1021.1484    1.1405
   10.5000    0.0388    0.1071    0.2016    0.5872    0.0370    0.0173 1102.2983 1021.5208    1.1405
   11.0000    0.0379    0.1025    0.2060    0.5795    0.0370    0.0173 1102.6266 1021.8250    1.1405
   11.5000    0.0370    0.0989    0.2044    0.5732    0.0370    0.0173 1102.8942 1022.0729    1.1405
   12.0000    0.0366    0.0964    0.2037    0.5774    0.0369    0.0173 1103.1099 1022.2728    1.1405
   12.5000    0.0364    0.0953    0.2030    0.5801    0.0369    0.0173 1103.2863 1022.4363    1.1405
   13.0000    0.0365    0.0952    0.2075    0.5780    0.0369    0.0172 1103.4420 1022.5805    1.1405
   13.5000    0.0368    0.0952    0.2081    0.5895    0.0369    0.0172 1103.5682 1022.6974    1.1405
   14.0000    0.0371    0.0952    0.2113    0.6003    0.0369    0.0172 1103.6420 1022.7659    1.1405
   14.5000    0.0378    0.0952    0.2204    0.6161    0.0369    0.0172 1103.6704 1022.7921    1.1405
   15.0000    0.0380    0.0952    0.2209    0.6259    0.0369    0.0172 1103.6700 1022.7918    1.1405
   15.5000    0.0380    0.0952    0.2209    0.6259    0.0369    0.0172 1103.6700 1022.7918    1.1405
   16.0000    0.0380    0.0952    0.2209    0.6259    0.0369    0.0172 1103.6700 1022.7918    1.1405
   16.5000    0.0380    0.0952    0.2209    0.6259    0.0369    0.0172 1103.6701 1022.7918    1.1405
   17.0000    0.0380    0.0952    0.2209    0.6259    0.0369    0.0172 1103.6701 1022.7918    1.1405
   17.5000    0.0380    0.0952    0.2209    0.6259    0.0369    0.0172 1103.6701 1022.7918    1.1405
   18.0000    0.0380    0.0952    0.2209    0.6259    0.0369    0.0172 1103.6702 1022.7918    1.1405
   18.5000    0.0380    0.0952    0.2209    0.6259    0.0369    0.0172 1103.6702 1022.7918    1.1405
   19.0000    0.0380    0.0952    0.2209    0.6259    0.0369    0.0172 1103.6702 1022.7918    1.1405
   19.5000    0.0380    0.0952    0.2209    0.6259    0.0369    0.0172 1103.6702 1022.7918    1.1405
   20.0000    0.0380    0.0952    0.2209    0.6259    0.0369    0.0172 1103.6702 1022.7918    1.1405
   20.5000    0.0380    0.0952    0.2209    0.6259    0.0369    0.0172 1103.6702 1022.7917    1.1405
   21.0000    0.0380    0.0952    0.2209    0.6259    0.0369    0.0172 1103.6702 1022.7917    1.1405
   21.5000    0.0380    0.0952    0.2209    0.6259    0.0369    0.0172 1103.6702 1022.7917    1.1405
   22.0000    0.0380    0.0952    0.2209    0.6259    0.0369    0.0172 1103.6702 1022.7917    1.1405
   22.5000    0.0380    0.0952    0.2209    0.6259    0.0369    0.0172 1103.6702 1022.7917    1.1405
   23.0000    0.0380    0.0952    0.2209    0.6259    0.0369    0.0172 1103.6703 1022.7917    1.1405
   23.5000    0.0380    0.0952    0.2209    0.6259    0.0369    0.0172 1103.6703 1022.7917    1.1405
   24.0000    0.0380    0.0952    0.2209    0.6259    0.0369    0.0172 1103.6703 1022.7917    1.1405
   24.5000    0.0380    0.0952    0.2209    0.6259    0.0369    0.0172 1103.6703 1022.7917    1.1405
   25.0000    0.0380    0.0952    0.2209    0.6259    0.0369    0.0172 1103.6703 1022.7917    1.1405
   25.5000    0.0380    0.0952    0.2209    0.6259    0.0369    0.0172 1103.6703 1022.7917    1.1405
   26.0000    0.0380    0.0952    0.2209    0.6259    0.0369    0.0172 1103.6703 1022.7916    1.1405
   26.5000    0.0380    0.0952    0.2209    0.6259    0.0369    0.0172 1103.6703 1022.7916    1.1405
   27.0000    0.0380    0.0952    0.2209    0.6259    0.0369    0.0172 1103.6704 1022.7916    1.1405
   27.5000    0.0380    0.0952    0.2209    0.6259    0.0369    0.0172 1103.6704 1022.7916    1.1405
   28.0000    0.0380    0.0952    0.2209    0.6259    0.0369    0.0172 1103.6704 1022.7916    1.1405
   28.5000    0.0380    0.0952    0.2209    0.6259    0.0369    0.0172 1103.6704 1022.7916    1.1405
   29.0000    0.0380    0.0952    0.2209    0.6259    0.0369    0.0172 1103.6704 1022.7916    1.1405
   29.5000    0.0380    0.0952    0.2209    0.6259    0.0369    0.0172 1103.6704 1022.7916    1.1405
   30.0000    0.0380    0.0952    0.2209    0.6259    0.0369    0.0172 1103.6704 1022.7916    1.1405
   30.5000    0.0380    0.0952    0.2209    0.6259    0.0369    0.0172 1103.6704 1022.7916    1.1405
   31.0000    0.0380    0.0952    0.2209    0.6259    0.0369    0.0172 1103.6704 1022.7915    1.1405
   31.5000    0.0380    0.0952    0.2209    0.6259    0.0369    0.0172 1103.6705 1022.7915    1.1405
   32.0000    0.0380    0.0952    0.2209    0.6259    0.0369    0.0172 1103.6705 1022.7915    1.1405
   32.5000    0.0380    0.0952    0.2209    0.6259    0.0369    0.0172 1103.6705 1022.7915    1.1405
   33.0000    0.0380    0.0952    0.2209    0.6259    0.0369    0.0172 1103.6705 1022.7915    1.1405
   33.5000    0.0380    0.0952    0.2209    0.6259    0.0369    0.0172 1103.6705 1022.7915    1.1405
   34.0000    0.0380    0.0952    0.2209    0.6259    0.0369    0.0172 1103.6705 1022.7915    1.1405
   34.5000    0.0380    0.0952    0.2209    0.6259    0.0369    0.0172 1103.6705 1022.7915    1.1405
   35.0000    0.0380    0.0952    0.2209    0.6259    0.0369    0.0172 1103.6705 1022.7915    1.1405
   35.5000    0.0380    0.0952    0.2209    0.6259    0.0369    0.0172 1103.6705 1022.7915    1.1405
   36.0000    0.0380    0.0952    0.2209    0.6259    0.0369    0.0172 1103.6706 1022.7914    1.1405
   36.5000    0.0380    0.0952    0.2209    0.6259    0.0369    0.0172 1103.6706 1022.7914    1.1405
   37.0000    0.0380    0.0952    0.2209    0.6259    0.0369    0.0172 1103.6706 1022.7914    1.1405
   37.5000    0.0380    0.0952    0.2209    0.6259    0.0369    0.0172 1103.6706 1022.7914    1.1405
   38.0000    0.0380    0.0952    0.2209    0.6259    0.0369    0.0172 1103.6706 1022.7914    1.1405
   38.5000    0.0380    0.0952    0.2209    0.6259    0.0369    0.0172 1103.6706 1022.7914    1.1405
   39.0000    0.0380    0.0952    0.2209    0.6259    0.0369    0.0172 1103.6706 1022.7914    1.1405
   39.5000    0.0380    0.0952    0.2209    0.6259    0.0369    0.0172 1103.6706 1022.7914    1.1405
   40.0000    0.0380    0.0952    0.2209    0.6259    0.0369    0.0172 1103.6707 1022.7914    1.1405
   40.5000    0.0380    0.0952    0.2209    0.6259    0.0369    0.0172 1103.6707 1022.7914    1.1405
   41.0000    0.0380    0.0952    0.2209    0.6259    0.0369    0.0172 1103.6707 1022.7913    1.1405
   41.5000    0.0380    0.0952    0.2209    0.6259    0.0369    0.0172 1103.6707 1022.7913    1.1405
   42.0000    0.0380    0.0952    0.2209    0.6259    0.0369    0.0172 1103.6707 1022.7913    1.1405
   42.5000    0.0380    0.0952    0.2209    0.6259    0.0369    0.0172 1103.6707 1022.7913    1.1405
   43.0000    0.0380    0.0952    0.2209    0.6259    0.0369    0.0172 1103.6707 1022.7913    1.1405
   43.5000    0.0380    0.0952    0.2209    0.6259    0.0369    0.0172 1103.6707 1022.7913    1.1405
   44.0000    0.0380    0.0952    0.2209    0.6259    0.0369    0.0172 1103.6708 1022.7913    1.1405
   44.5000    0.0380    0.0952    0.2209    0.6259    0.0369    0.0172 1103.6708 1022.7913    1.1405
   45.0000    0.0380    0.0952    0.2209    0.6259    0.0369    0.0172 1103.6708 1022.7913    1.1405
   45.5000    0.0380    0.0952    0.2209    0.6259    0.0369    0.0172 1103.6708 1022.7913    1.1406
   46.0000    0.0380    0.0952    0.2209    0.6259    0.0369    0.0172 1103.6708 1022.7912    1.1406
   46.5000    0.0380    0.0952    0.2209    0.6259    0.0369    0.0172 1103.6708 1022.7912    1.1406
   47.0000    0.0380    0.0952    0.2209    0.6259    0.0369    0.0172 1103.6708 1022.7912    1.1406
   47.5000    0.0380    0.0952    0.2209    0.6259    0.0369    0.0172 1103.6708 1022.7912    1.1406
   48.0000    0.0380    0.0952    0.2209    0.6259    0.0369    0.0172 1103.6709 1022.7912    1.1406
   48.5000    0.0380    0.0952    0.2209    0.6259    0.0369    0.0172 1103.6709 1022.7912    1.1406
   49.0000    0.0380    0.0952    0.2209    0.6259    0.0369    0.0172 1103.6709 1022.7912    1.1406
   49.5000    0.0380    0.0952    0.2209    0.6259    0.0369    0.0172 1103.6709 1022.7912    1.1406
   50.0000    0.0380    0.0952    0.2209    0.6259    0.0369    0.0172 1103.6709 1022.7912    1.1406
   50.5000    0.0380    0.0952    0.2209    0.6259    0.0369    0.0172 1103.6709 1022.7911    1.1406
   51.0000    0.0380    0.0952    0.2209    0.6259    0.0369    0.0172 1103.6709 1022.7911    1.1406
   51.5000    0.0380    0.0952    0.2209    0.6259    0.0369    0.0172 1103.6710 1022.7911    1.1406
   52.0000    0.0380    0.0952    0.2209    0.6259    0.0369    0.0172 1103.6710 1022.7911    1.1406
   52.5000    0.0380    0.0952    0.2209    0.6259    0.0369    0.0172 1103.6710 1022.7911    1.1406
   53.0000    0.0380    0.0952    0.2209    0.6259    0.0369    0.0172 1103.6710 1022.7911    1.1406
   53.5000    0.0380    0.0952    0.2209    0.6259    0.0369    0.0172 1103.6710 1022.7911    1.1406
   54.0000    0.0380    0.0952    0.2209    0.6259    0.0369    0.0172 1103.6710 1022.7911    1.1406
   54.5000    0.0380    0.0952    0.2209    0.6259    0.0369    0.0172 1103.6710 1022.7911    1.1406
   55.0000    0.0380    0.0952    0.2209    0.6259    0.0369    0.0172 1103.6710 1022.7910    1.1406
   55.5000    0.0380    0.0952    0.2209    0.6259    0.0369    0.0172 1103.6711 1022.7910    1.1406
   56.0000    0.0380    0.0952    0.2209    0.6259    0.0369    0.0172 1103.6711 1022.7910    1.1406
   56.5000    0.0380    0.0952    0.2209    0.6259    0.0369    0.0172 1103.6711 1022.7910    1.1406
   57.0000    0.0380    0.0952    0.2209    0.6259    0.0369    0.0172 1103.6711 1022.7910    1.1406
   57.5000    0.0380    0.0952    0.2209    0.6259    0.0369    0.0172 1103.6711 1022.7910    1.1406
   58.0000    0.0380    0.0952    0.2209    0.6259    0.0369    0.0172 1103.6711 1022.7910    1.1406
   58.5000    0.0380    0.0952    0.2209    0.6259    0.0369    0.0172 1103.6711 1022.7910    1.1406
   59.0000    0.0380    0.0952    0.2209    0.6259    0.0369    0.0172 1103.6712 1022.7909    1.1406
   59.5000    0.0380    0.0952    0.2209    0.6259    0.0369    0.0172 1103.6712 1022.7909    1.1406
   60.0000    0.0380    0.0952    0.2209    0.6259    0.0369    0.0172 1103.6712 1022.7909    1.1406
   60.5000    0.0380    0.0952    0.2209    0.6259    0.0369    0.0172 1103.6712 1022.7909    1.1406
   61.0000    0.0380    0.0952    0.2209    0.6259    0.0369    0.0172 1103.6712 1022.7909    1.1406
   61.5000    0.0380    0.0952    0.2209    0.6259    0.0369    0.0172 1103.6712 1022.7909    1.1406
   62.0000    0.0380    0.0952    0.2209    0.6259    0.0369    0.0172 1103.6712 1022.7909    1.1406
   62.5000    0.0380    0.0952    0.2209    0.6259    0.0369    0.0172 1103.6713 1022.7909    1.1406
   63.0000    0.0380    0.0952    0.2209    0.6259    0.0369    0.0172 1103.6713 1022.7909    1.1406
   63.5000    0.0380    0.0952    0.2209    0.6259    0.0369    0.0172 1103.6713 1022.7908    1.1406
   64.0000    0.0380    0.0952    0.2209    0.6259    0.0369    0.0172 1103.6713 1022.7908    1.1406
   64.5000    0.0380    0.0952    0.2209    0.6259    0.0369    0.0172 1103.6713 1022.7908    1.1406
   65.0000    0.0380    0.0952    0.2209    0.6259    0.0369    0.0172 1103.6713 1022.7908    1.1406
   65.5000    0.0380    0.0952    0.2209    0.6259    0.0369    0.0172 1103.6713 1022.7908    1.1406
   66.0000    0.0380    0.0952    0.2209    0.6259    0.0369    0.0172 1103.6714 1022.7908    1.1406
   66.5000    0.0380    0.0952    0.2209    0.6259    0.0369    0.0172 1103.6714 1022.7908    1.1406
   67.0000    0.0380    0.0952    0.2209    0.6259    0.0369    0.0172 1103.6714 1022.7908    1.1406
   67.5000    0.0380    0.0952    0.2209    0.6259    0.0369    0.0172 1103.6714 1022.7907    1.1406
   68.0000    0.0380    0.0952    0.2209    0.6259    0.0369    0.0172 1103.6714 1022.7907    1.1406
   68.5000    0.0380    0.0952    0.2209    0.6259    0.0369    0.0172 1103.6714 1022.7907    1.1406
   69.0000    0.0380    0.0952    0.2209    0.6259    0.0369    0.0172 1103.6714 1022.7907    1.1406
   69.5000    0.0380    0.0952    0.2209    0.6259    0.0369    0.0172 1103.6715 1022.7907    1.1406
   70.0000    0.0380    0.0952    0.2209    0.6259    0.0369    0.0172 1103.6715 1022.7907    1.1406
   70.5000    0.0380    0.0952    0.2209    0.6259    0.0369    0.0172 1103.6715 1022.7907    1.1406
   71.0000    0.0380    0.0952    0.2209    0.6259    0.0369    0.0172 1103.6715 1022.7907    1.1406
   71.5000    0.0380    0.0952    0.2209    0.6259    0.0369    0.0172 1103.6715 1022.7906    1.1406
   72.0000    0.0380    0.0952    0.2209    0.6259    0.0369    0.0172 1103.6715 1022.7906    1.1406
   72.5000    0.0380    0.0952    0.2209    0.6259    0.0369    0.0172 1103.6715 1022.7906    1.1406
   73.0000    0.0380    0.0952    0.2209    0.6259    0.0369    0.0172 1103.6716 1022.7906    1.1406
   73.5000    0.0380    0.0952    0.2209    0.6259    0.0369    0.0172 1103.6716 1022.7906    1.1406
   74.0000    0.0380    0.0952    0.2209    0.6259    0.0369    0.0172 1103.6716 1022.7906    1.1406
   74.5000    0.0380    0.0952    0.2209    0.6259    0.0369    0.0172 1103.6716 1022.7906    1.1406
   75.0000    0.0380    0.0952    0.2209    0.6259    0.0369    0.0172 1103.6716 1022.7905    1.1406
   75.5000    0.0380    0.0952    0.2209    0.6259    0.0369    0.0172 1103.6716 1022.7905    1.1406
   76.0000    0.0380    0.0952    0.2209    0.6259    0.0369    0.0172 1103.6717 1022.7905    1.1406
   76.5000    0.0380    0.0952    0.2209    0.6259    0.0369    0.0172 1103.6717 1022.7905    1.1406
   77.0000    0.0380    0.0952    0.2209    0.6259    0.0369    0.0172 1103.6717 1022.7905    1.1406
   77.5000    0.0380    0.0952    0.2209    0.6259    0.0369    0.0172 1103.6717 1022.7905    1.1406
   78.0000    0.0380    0.0952    0.2209    0.6259    0.0369    0.0172 1103.6717 1022.7905    1.1406
   78.5000    0.0380    0.0952    0.2209    0.6259    0.0369    0.0172 1103.6717 1022.7905    1.1406
   79.0000    0.0380    0.0952    0.2209    0.6259    0.0369    0.0172 1103.6718 1022.7904    1.1406
   79.5000    0.0380    0.0952    0.2209    0.6259    0.0369    0.0172 1103.6718 1022.7904    1.1406
   80.0000    0.0380    0.0952    0.2209    0.6259    0.0369    0.0172 1103.6718 1022.7904    1.1406
   80.5000    0.0380    0.0952    0.2209    0.6259    0.0369    0.0172 1103.6718 1022.7904    1.1406
   81.0000    0.0380    0.0952    0.2209    0.6259    0.0369    0.0172 1103.6718 1022.7904    1.1406
   81.5000    0.0380    0.0952    0.2209    0.6259    0.0369    0.0172 1103.6718 1022.7904    1.1406
   82.0000    0.0380    0.0952    0.2209    0.6259    0.0369    0.0172 1103.6718 1022.7904    1.1406
   82.5000    0.0380    0.0952    0.2209    0.6259    0.0369    0.0172 1103.6719 1022.7903    1.1406
   83.0000    0.0380    0.0952    0.2209    0.6259    0.0369    0.0172 1103.6719 1022.7903    1.1406
   83.5000    0.0380    0.0952    0.2209    0.6259    0.0369    0.0172 1103.6719 1022.7903    1.1406
   84.0000    0.0380    0.0952    0.2209    0.6259    0.0369    0.0172 1103.6719 1022.7903    1.1406
   84.5000    0.0380    0.0952    0.2209    0.6259    0.0369    0.0172 1103.6719 1022.7903    1.1406
   85.0000    0.0380    0.0952    0.2209    0.6259    0.0369    0.0172 1103.6719 1022.7903    1.1406
   85.5000    0.0380    0.0952    0.2209    0.6259    0.0369    0.0172 1103.6720 1022.7903    1.1406
   86.0000    0.0380    0.0952    0.2209    0.6259    0.0369    0.0172 1103.6720 1022.7903    1.1406
   86.5000    0.0380    0.0952    0.2209    0.6259    0.0369    0.0172 1103.6720 1022.7902    1.1406
   87.0000    0.0380    0.0952    0.2209    0.6259    0.0369    0.0172 1103.6720 1022.7902    1.1406
   87.5000    0.0380    0.0952    0.2209    0.6259    0.0369    0.0172 1103.6720 1022.7902    1.1406
   88.0000    0.0380    0.0952    0.2209    0.6259    0.0369    0.0172 1103.6720 1022.7902    1.1406
   88.5000    0.0380    0.0952    0.2209    0.6259    0.0369    0.0172 1103.6721 1022.7902    1.1406
   89.0000    0.0380    0.0952    0.2209    0.6259    0.0369    0.0172 1103.6721 1022.7902    1.1406
   89.5000    0.0380    0.0952    0.2209    0.6259    0.0369    0.0172 1103.6721 1022.7902    1.1406
   90.0000    0.0380    0.0952    0.2209    0.6259    0.0369    0.0172 1103.6721 1022.7901    1.1406
   90.5000    0.0380    0.0952    0.2209    0.6259    0.0369    0.0172 1103.6721 1022.7901    1.1406
   91.0000    0.0380    0.0952    0.2209    0.6259    0.0369    0.0172 1103.6721 1022.7901    1.1406
   91.5000    0.0380    0.0952    0.2209    0.6259    0.0369    0.0172 1103.6722 1022.7901    1.1406
   92.0000    0.0380    0.0952    0.2209    0.6259    0.0369    0.0172 1103.6722 1022.7901    1.1406
   92.5000    0.0380    0.0952    0.2209    0.6259    0.0369    0.0172 1103.6722 1022.7901    1.1406
   93.0000    0.0380    0.0952    0.2209    0.6259    0.0369    0.0172 1103.6722 1022.7901    1.1406
   93.5000    0.0380    0.0952    0.2209    0.6259    0.0369    0.0172 1103.6722 1022.7900    1.1406
   94.0000    0.0380    0.0952    0.2209    0.6259    0.0369    0.0172 1103.6723 1022.7900    1.1406
   94.5000    0.0380    0.0952    0.2209    0.6259    0.0369    0.0172 1103.6723 1022.7900    1.1406
   95.0000    0.0380    0.0952    0.2209    0.6259    0.0369    0.0172 1103.6723 1022.7900    1.1406
   95.5000    0.0380    0.0952    0.2209    0.6259    0.0369    0.0172 1103.6723 1022.7900    1.1406
   96.0000    0.0380    0.0952    0.2209    0.6259    0.0369    0.0172 1103.6723 1022.7900    1.1406
   96.5000    0.0380    0.0952    0.2209    0.6259    0.0369    0.0172 1103.6723 1022.7899    1.1406
   97.0000    0.0380    0.0952    0.2209    0.6259    0.0369    0.0172 1103.6724 1022.7899    1.1406
   97.5000    0.0380    0.0952    0.2209    0.6259    0.0369    0.0172 1103.6724 1022.7899    1.1406
   98.0000    0.0380    0.0952    0.2209    0.6259    0.0369    0.0172 1103.6724 1022.7899    1.1406
   98.5000    0.0380    0.0952    0.2209    0.6259    0.0369    0.0172 1103.6724 1022.7899    1.1406
   99.0000    0.0380    0.0952    0.2209    0.6259    0.0369    0.0172 1103.6724 1022.7899    1.1406
   99.5000    0.0380    0.0952    0.2209    0.6259    0.0369    0.0172 1103.6724 1022.7899    1.1406
  100.0000    0.0380    0.0952    0.2209    0.6259    0.0369    0.0172 1103.6725 1022.7898    1.1406
