         t         y         k       L_H       L_L       c_H       c_L       V_H       V_L      V_HL
    0.0000    0.0497    0.1249    0.2292    0.6389    0.0404    0.0185 1064.8215  984.7213    1.1859
    0.5000    0.0473    0.1249    0.1916    0.6194    0.0403    0.0184 1065.1951  985.0668    1.1859
    1.0000    0.0470    0.1249    0.1915    0.6213    0.0402    0.0184 1065.5697  985.4132    1.1859
    1.5000    0.0467    0.1249    0.1915    0.6219    0.0401    0.0184 1065.9464  985.7616    1.1859
    2.0000    0.0463    0.1249    0.1914    0.6223    0.0400    0.0183 1066.3254  986.1121    1.1859
    2.5000    0.0460    0.1249    0.1914    0.6242    0.0400    0.0183 1066.7066  986.4646    1.1859
    3.0000    0.0457    0.1249    0.1913    0.6269    0.0399    0.0183 1067.0898  986.8190    1.1859
    3.5000    0.0454    0.1249    0.1913    0.6281    0.0398    0.0182 1067.4751  987.1754    1.1859
    4.0000    0.0450    0.1249    0.1912    0.6283    0.0398    0.0182 1067.8626  987.5337    1.1859
    4.5000    0.0446    0.1249    0.1911    0.6308    0.0397    0.0182 1068.2520  987.8938    1.1859
    5.0000    0.0443    0.1249    0.1915    0.6328    0.0396    0.0181 1068.6435  988.2559    1.1859
    5.5000    0.0439    0.1249    0.1911    0.6331    0.0396    0.0181 1069.0377  988.6204    1.1859
    6.0000    0.0435    0.1249    0.1910    0.6343    0.0395    0.0181 1069.4334  988.9863    1.1859
    6.5000    0.0435    0.1249    0.1909    0.6349    0.0394    0.0180 1069.8311  989.3541    1.1859
    7.0000    0.0435    0.1249    0.1909    0.6348    0.0394    0.0180 1070.2308  989.7237    1.1859
    7.5000    0.0435    0.1249    0.1908    0.6335    0.0393    0.0180 1070.6326  990.0953    1.1859
    8.0000    0.0435    0.1249    0.1907    0.6350    0.0393    0.0180 1071.0365  990.4688    1.1859
    8.5000    0.0435    0.1249    0.1907    0.6349    0.0392    0.0179 1071.4425  990.8443    1.1859
    9.0000    0.0435    0.1249    0.1906    0.6352    0.0391    0.0179 1071.8506  991.2217    1.1859
    9.5000    0.0434    0.1249    0.1907    0.6344    0.0391    0.0179 1072.2609  991.6011    1.1859
   10.0000    0.0434    0.1249    0.1905    0.6345    0.0390    0.0178 1072.6734  991.9826    1.1859
   10.5000    0.0434    0.1249    0.1905    0.6347    0.0389    0.0178 1073.0880  992.3660    1.1859
   11.0000    0.0434    0.1249    0.1904    0.6348    0.0389    0.0178 1073.5047  992.7514    1.1859
   11.5000    0.0434    0.1249    0.1904    0.6349    0.0388    0.0177 1073.9236  993.1387    1.1859
   12.0000    0.0434    0.1249    0.1904    0.6365    0.0387    0.0177 1074.3447  993.5281    1.1859
   12.5000    0.0434    0.1249    0.1914    0.6329    0.0387    0.0177 1074.7681  993.9197    1.1859
   13.0000    0.0433    0.1249    0.1902    0.6342    0.0386    0.0177 1075.1955  994.3150    1.1859
   13.5000    0.0434    0.1249    0.1901    0.6352    0.0385    0.0176 1075.6232  994.7105    1.1859
   14.0000    0.0433    0.1249    0.1900    0.6346    0.0385    0.0176 1076.0532  995.1082    1.1859
   14.5000    0.0433    0.1249    0.1899    0.6344    0.0384    0.0176 1076.4855  995.5079    1.1859
   15.0000    0.0433    0.1249    0.1898    0.6342    0.0383    0.0175 1076.9200  995.9097    1.1859
   15.5000    0.0433    0.1249    0.1899    0.6337    0.0383    0.0175 1077.3568  996.3137    1.1859
   16.0000    0.0432    0.1249    0.1895    0.6350    0.0382    0.0175 1077.7964  996.7202    1.1859
   16.5000    0.0432    0.1249    0.1893    0.6339    0.0381    0.0174 1078.2378  997.1284    1.1859
   17.0000    0.0431    0.1249    0.1890    0.6338    0.0380    0.0174 1078.6816  997.5388    1.1859
   17.5000    0.0431    0.1249    0.1887    0.6348    0.0380    0.0174 1079.1277  997.9514    1.1859
   18.0000    0.0430    0.1249    0.1884    0.6325    0.0379    0.0173 1079.5762  998.3662    1.1859
   18.5000    0.0430    0.1249    0.1879    0.6346    0.0378    0.0173 1080.0273  998.7833    1.1859
   19.0000    0.0429    0.1249    0.1875    0.6339    0.0377    0.0173 1080.4807  999.2026    1.1859
   19.5000    0.0428    0.1249    0.1870    0.6343    0.0376    0.0172 1080.9368  999.6244    1.1859
   20.0000    0.0427    0.1249    0.1866    0.6350    0.0375    0.0172 1081.3954 1000.0484    1.1859
   20.5000    0.0427    0.1247    0.1870    0.6380    0.0374    0.0171 1081.8563 1000.4747    1.1859
   21.0000    0.0425    0.1244    0.1881    0.6357    0.0374    0.0171 1082.3208 1000.9043    1.1859
   21.5000    0.0424    0.1234    0.1900    0.6371    0.0373    0.0171 1082.7895 1001.3377    1.1859
   22.0000    0.0424    0.1214    0.1971    0.6451    0.0372    0.0170 1083.2583 1001.7713    1.1859
   22.5000    0.0413    0.1183    0.1980    0.6233    0.0372    0.0170 1083.7322 1002.2095    1.1859
   23.0000    0.0403    0.1142    0.1988    0.6119    0.0371    0.0170 1084.1915 1002.6343    1.1859
   23.5000    0.0392    0.1096    0.2000    0.5960    0.0371    0.0170 1084.5990 1003.0111    1.1859
   24.0000    0.0384    0.1051    0.2012    0.5946    0.0371    0.0170 1084.9445 1003.3306    1.1859
   24.5000    0.0375    0.1009    0.2025    0.5871    0.0370    0.0169 1085.2239 1003.5890    1.1859
   25.0000    0.0366    0.0976    0.1987    0.5825    0.0370    0.0169 1085.4442 1003.7928    1.1859
   25.5000    0.0361    0.0953    0.2006    0.5761    0.0370    0.0169 1085.6422 1003.9758    1.1859
   26.0000    0.0360    0.0944    0.2018    0.5793    0.0370    0.0169 1085.8274 1004.1471    1.1859
   26.5000    0.0361    0.0943    0.2020    0.5828    0.0370    0.0169 1086.0157 1004.3212    1.1859
   27.0000    0.0358    0.0943    0.2026    0.5697    0.0370    0.0169 1086.1982 1004.4900    1.1859
   27.5000    0.0358    0.0943    0.2018    0.5725    0.0370    0.0169 1086.3874 1004.6650    1.1859
   28.0000    0.0359    0.0943    0.2016    0.5780    0.0370    0.0169 1086.5633 1004.8276    1.1859
   28.5000    0.0358    0.0943    0.2033    0.5719    0.0369    0.0169 1086.7048 1004.9585    1.1859
   29.0000    0.0359    0.0943    0.2025    0.5754    0.0369    0.0169 1086.8524 1005.0950    1.1859
   29.5000    0.0359    0.0943    0.2006    0.5779    0.0369    0.0169 1087.0029 1005.2342    1.1859
   30.0000    0.0375    0.0943    0.2183    0.6272    0.0369    0.0169 1087.1572 1005.3768    1.1859
   30.5000    0.0375    0.0943    0.2183    0.6272    0.0369    0.0169 1087.1572 1005.3768    1.1859
   31.0000    0.0375    0.0943    0.2183    0.6272    0.0369    0.0169 1087.1572 1005.3768    1.1859
   31.5000    0.0375    0.0943    0.2183    0.6272    0.0369    0.0169 1087.1572 1005.3769    1.1859
   32.0000    0.0375    0.0943    0.2183    0.6272    0.0369    0.0169 1087.1572 1005.3769    1.1859
   32.5000    0.0375    0.0943    0.2183    0.6272    0.0369    0.0169 1087.1573 1005.3770    1.1859
   33.0000    0.0375    0.0943    0.2183    0.6272    0.0369    0.0169 1087.1574 1005.3771    1.1859
   33.5000    0.0375    0.0943    0.2183    0.6272    0.0369    0.0169 1087.1575 1005.3771    1.1859
   34.0000    0.0375    0.0943    0.2183    0.6272    0.0369    0.0169 1087.1575 1005.3772    1.1859
   34.5000    0.0375    0.0943    0.2183    0.6272    0.0369    0.0169 1087.1576 1005.3772    1.1859
   35.0000    0.0375    0.0943    0.2183    0.6272    0.0369    0.0169 1087.1576 1005.3772    1.1859
   35.5000    0.0375    0.0943    0.2183    0.6272    0.0369    0.0169 1087.1576 1005.3773    1.1859
   36.0000    0.0375    0.0943    0.2183    0.6272    0.0369    0.0169 1087.1576 1005.3773    1.1859
   36.5000    0.0375    0.0943    0.2183    0.6272    0.0369    0.0169 1087.1576 1005.3773    1.1859
   37.0000    0.0375    0.0943    0.2183    0.6272    0.0369    0.0169 1087.1576 1005.3773    1.1859
   37.5000    0.0375    0.0943    0.2183    0.6272    0.0369    0.0169 1087.1576 1005.3773    1.1859
   38.0000    0.0375    0.0943    0.2183    0.6272    0.0369    0.0169 1087.1576 1005.3773    1.1859
   38.5000    0.0375    0.0943    0.2183    0.6272    0.0369    0.0169 1087.1576 1005.3773    1.1859
   39.0000    0.0375    0.0943    0.2183    0.6272    0.0369    0.0169 1087.1576 1005.3773    1.1859
   39.5000    0.0375    0.0943    0.2183    0.6272    0.0369    0.0169 1087.1576 1005.3773    1.1859
   40.0000    0.0375    0.0943    0.2183    0.6272    0.0369    0.0169 1087.1576 1005.3773    1.1859
   40.5000    0.0375    0.0943    0.2183    0.6272    0.0369    0.0169 1087.1576 1005.3773    1.1859
   41.0000    0.0375    0.0943    0.2183    0.6272    0.0369    0.0169 1087.1576 1005.3773    1.1859
   41.5000    0.0375    0.0943    0.2183    0.6272    0.0369    0.0169 1087.1576 1005.3773    1.1859
   42.0000    0.0375    0.0943    0.2183    0.6272    0.0369    0.0169 1087.1576 1005.3773    1.1859
   42.5000    0.0375    0.0943    0.2183    0.6272    0.0369    0.0169 1087.1576 1005.3773    1.1859
   43.0000    0.0375    0.0943    0.2183    0.6272    0.0369    0.0169 1087.1576 1005.3773    1.1859
   43.5000    0.0375    0.0943    0.2183    0.6272    0.0369    0.0169 1087.1576 1005.3773    1.1859
   44.0000    0.0375    0.0943    0.2183    0.6272    0.0369    0.0169 1087.1576 1005.3773    1.1859
   44.5000    0.0375    0.0943    0.2183    0.6272    0.0369    0.0169 1087.1576 1005.3773    1.1859
   45.0000    0.0375    0.0943    0.2183    0.6272    0.0369    0.0169 1087.1576 1005.3773    1.1859
   45.5000    0.0375    0.0943    0.2183    0.6272    0.0369    0.0169 1087.1576 1005.3773    1.1859
   46.0000    0.0375    0.0943    0.2183    0.6272    0.0369    0.0169 1087.1576 1005.3773    1.1859
   46.5000    0.0375    0.0943    0.2183    0.6272    0.0369    0.0169 1087.1576 1005.3773    1.1859
   47.0000    0.0375    0.0943    0.2183    0.6272    0.0369    0.0169 1087.1576 1005.3773    1.1859
   47.5000    0.0375    0.0943    0.2183    0.6272    0.0369    0.0169 1087.1576 1005.3773    1.1859
   48.0000    0.0375    0.0943    0.2183    0.6272    0.0369    0.0169 1087.1576 1005.3773    1.1859
   48.5000    0.0375    0.0943    0.2183    0.6272    0.0369    0.0169 1087.1576 1005.3773    1.1859
   49.0000    0.0375    0.0943    0.2183    0.6272    0.0369    0.0169 1087.1576 1005.3773    1.1859
   49.5000    0.0375    0.0943    0.2183    0.6272    0.0369    0.0169 1087.1576 1005.3773    1.1859
   50.0000    0.0375    0.0943    0.2183    0.6272    0.0369    0.0169 1087.1576 1005.3773    1.1859
   50.5000    0.0375    0.0943    0.2183    0.6272    0.0369    0.0169 1087.1576 1005.3773    1.1859
   51.0000    0.0375    0.0943    0.2183    0.6272    0.0369    0.0169 1087.1576 1005.3773    1.1859
   51.5000    0.0375    0.0943    0.2183    0.6272    0.0369    0.0169 1087.1576 1005.3773    1.1859
   52.0000    0.0375    0.0943    0.2183    0.6272    0.0369    0.0169 1087.1576 1005.3773    1.1859
   52.5000    0.0375    0.0943    0.2183    0.6272    0.0369    0.0169 1087.1576 1005.3773    1.1859
   53.0000    0.0375    0.0943    0.2183    0.6272    0.0369    0.0169 1087.1576 1005.3773    1.1859
   53.5000    0.0375    0.0943    0.2183    0.6272    0.0369    0.0169 1087.1576 1005.3773    1.1859
   54.0000    0.0375    0.0943    0.2183    0.6272    0.0369    0.0169 1087.1576 1005.3773    1.1859
   54.5000    0.0375    0.0943    0.2183    0.6272    0.0369    0.0169 1087.1576 1005.3773    1.1859
   55.0000    0.0375    0.0943    0.2183    0.6272    0.0369    0.0169 1087.1576 1005.3773    1.1859
   55.5000    0.0375    0.0943    0.2183    0.6272    0.0369    0.0169 1087.1576 1005.3773    1.1859
   56.0000    0.0375    0.0943    0.2183    0.6272    0.0369    0.0169 1087.1576 1005.3773    1.1859
   56.5000    0.0375    0.0943    0.2183    0.6272    0.0369    0.0169 1087.1576 1005.3773    1.1859
   57.0000    0.0375    0.0943    0.2183    0.6272    0.0369    0.0169 1087.1576 1005.3773    1.1859
   57.5000    0.0375    0.0943    0.2183    0.6272    0.0369    0.0169 1087.1576 1005.3773    1.1859
   58.0000    0.0375    0.0943    0.2183    0.6272    0.0369    0.0169 1087.1576 1005.3773    1.1859
   58.5000    0.0375    0.0943    0.2183    0.6272    0.0369    0.0169 1087.1576 1005.3773    1.1859
   59.0000    0.0375    0.0943    0.2183    0.6272    0.0369    0.0169 1087.1576 1005.3773    1.1859
   59.5000    0.0375    0.0943    0.2183    0.6272    0.0369    0.0169 1087.1576 1005.3773    1.1859
   60.0000    0.0375    0.0943    0.2183    0.6272    0.0369    0.0169 1087.1576 1005.3773    1.1859
   60.5000    0.0375    0.0943    0.2183    0.6272    0.0369    0.0169 1087.1576 1005.3773    1.1859
   61.0000    0.0375    0.0943    0.2183    0.6272    0.0369    0.0169 1087.1576 1005.3773    1.1859
   61.5000    0.0375    0.0943    0.2183    0.6272    0.0369    0.0169 1087.1576 1005.3773    1.1859
   62.0000    0.0375    0.0943    0.2183    0.6272    0.0369    0.0169 1087.1576 1005.3773    1.1859
   62.5000    0.0375    0.0943    0.2183    0.6272    0.0369    0.0169 1087.1576 1005.3773    1.1859
   63.0000    0.0375    0.0943    0.2183    0.6272    0.0369    0.0169 1087.1576 1005.3773    1.1859
   63.5000    0.0375    0.0943    0.2183    0.6272    0.0369    0.0169 1087.1576 1005.3773    1.1859
   64.0000    0.0375    0.0943    0.2183    0.6272    0.0369    0.0169 1087.1576 1005.3773    1.1859
   64.5000    0.0375    0.0943    0.2183    0.6272    0.0369    0.0169 1087.1576 1005.3773    1.1859
   65.0000    0.0375    0.0943    0.2183    0.6272    0.0369    0.0169 1087.1576 1005.3773    1.1859
   65.5000    0.0375    0.0943    0.2183    0.6272    0.0369    0.0169 1087.1576 1005.3773    1.1859
   66.0000    0.0375    0.0943    0.2183    0.6272    0.0369    0.0169 1087.1576 1005.3773    1.1859
   66.5000    0.0375    0.0943    0.2183    0.6272    0.0369    0.0169 1087.1576 1005.3773    1.1859
   67.0000    0.0375    0.0943    0.2183    0.6272    0.0369    0.0169 1087.1576 1005.3773    1.1859
   67.5000    0.0375    0.0943    0.2183    0.6272    0.0369    0.0169 1087.1576 1005.3773    1.1859
   68.0000    0.0375    0.0943    0.2183    0.6272    0.0369    0.0169 1087.1576 1005.3773    1.1859
   68.5000    0.0375    0.0943    0.2183    0.6272    0.0369    0.0169 1087.1576 1005.3773    1.1859
   69.0000    0.0375    0.0943    0.2183    0.6272    0.0369    0.0169 1087.1576 1005.3773    1.1859
   69.5000    0.0375    0.0943    0.2183    0.6272    0.0369    0.0169 1087.1576 1005.3773    1.1859
   70.0000    0.0375    0.0943    0.2183    0.6272    0.0369    0.0169 1087.1576 1005.3773    1.1859
   70.5000    0.0375    0.0943    0.2183    0.6272    0.0369    0.0169 1087.1576 1005.3773    1.1859
   71.0000    0.0375    0.0943    0.2183    0.6272    0.0369    0.0169 1087.1576 1005.3773    1.1859
   71.5000    0.0375    0.0943    0.2183    0.6272    0.0369    0.0169 1087.1576 1005.3773    1.1859
   72.0000    0.0375    0.0943    0.2183    0.6272    0.0369    0.0169 1087.1576 1005.3773    1.1859
   72.5000    0.0375    0.0943    0.2183    0.6272    0.0369    0.0169 1087.1576 1005.3773    1.1859
   73.0000    0.0375    0.0943    0.2183    0.6272    0.0369    0.0169 1087.1576 1005.3773    1.1859
   73.5000    0.0375    0.0943    0.2183    0.6272    0.0369    0.0169 1087.1576 1005.3773    1.1859
   74.0000    0.0375    0.0943    0.2183    0.6272    0.0369    0.0169 1087.1576 1005.3773    1.1859
   74.5000    0.0375    0.0943    0.2183    0.6272    0.0369    0.0169 1087.1576 1005.3773    1.1859
   75.0000    0.0375    0.0943    0.2183    0.6272    0.0369    0.0169 1087.1576 1005.3773    1.1859
   75.5000    0.0375    0.0943    0.2183    0.6272    0.0369    0.0169 1087.1576 1005.3773    1.1859
   76.0000    0.0375    0.0943    0.2183    0.6272    0.0369    0.0169 1087.1576 1005.3773    1.1859
   76.5000    0.0375    0.0943    0.2183    0.6272    0.0369    0.0169 1087.1576 1005.3773    1.1859
   77.0000    0.0375    0.0943    0.2183    0.6272    0.0369    0.0169 1087.1576 1005.3773    1.1859
   77.5000    0.0375    0.0943    0.2183    0.6272    0.0369    0.0169 1087.1576 1005.3773    1.1859
   78.0000    0.0375    0.0943    0.2183    0.6272    0.0369    0.0169 1087.1576 1005.3773    1.1859
   78.5000    0.0375    0.0943    0.2183    0.6272    0.0369    0.0169 1087.1576 1005.3773    1.1859
   79.0000    0.0375    0.0943    0.2183    0.6272    0.0369    0.0169 1087.1576 1005.3773    1.1859
   79.5000    0.0375    0.0943    0.2183    0.6272    0.0369    0.0169 1087.1576 1005.3773    1.1859
   80.0000    0.0375    0.0943    0.2183    0.6272    0.0369    0.0169 1087.1576 1005.3773    1.1859
   80.5000    0.0375    0.0943    0.2183    0.6272    0.0369    0.0169 1087.1576 1005.3773    1.1859
   81.0000    0.0375    0.0943    0.2183    0.6272    0.0369    0.0169 1087.1576 1005.3773    1.1859
   81.5000    0.0375    0.0943    0.2183    0.6272    0.0369    0.0169 1087.1576 1005.3773    1.1859
   82.0000    0.0375    0.0943    0.2183    0.6272    0.0369    0.0169 1087.1576 1005.3773    1.1859
   82.5000    0.0375    0.0943    0.2183    0.6272    0.0369    0.0169 1087.1576 1005.3773    1.1859
   83.0000    0.0375    0.0943    0.2183    0.6272    0.0369    0.0169 1087.1576 1005.3773    1.1859
   83.5000    0.0375    0.0943    0.2183    0.6272    0.0369    0.0169 1087.1576 1005.3773    1.1859
   84.0000    0.0375    0.0943    0.2183    0.6272    0.0369    0.0169 1087.1576 1005.3773    1.1859
   84.5000    0.0375    0.0943    0.2183    0.6272    0.0369    0.0169 1087.1576 1005.3773    1.1859
   85.0000    0.0375    0.0943    0.2183    0.6272    0.0369    0.0169 1087.1576 1005.3773    1.1859
   85.5000    0.0375    0.0943    0.2183    0.6272    0.0369    0.0169 1087.1576 1005.3773    1.1859
   86.0000    0.0375    0.0943    0.2183    0.6272    0.0369    0.0169 1087.1576 1005.3773    1.1859
   86.5000    0.0375    0.0943    0.2183    0.6272    0.0369    0.0169 1087.1576 1005.3773    1.1859
   87.0000    0.0375    0.0943    0.2183    0.6272    0.0369    0.0169 1087.1576 1005.3773    1.1859
   87.5000    0.0375    0.0943    0.2183    0.6272    0.0369    0.0169 1087.1576 1005.3773    1.1859
   88.0000    0.0375    0.0943    0.2183    0.6272    0.0369    0.0169 1087.1576 1005.3773    1.1859
   88.5000    0.0375    0.0943    0.2183    0.6272    0.0369    0.0169 1087.1576 1005.3773    1.1859
   89.0000    0.0375    0.0943    0.2183    0.6272    0.0369    0.0169 1087.1576 1005.3773    1.1859
   89.5000    0.0375    0.0943    0.2183    0.6272    0.0369    0.0169 1087.1576 1005.3773    1.1859
   90.0000    0.0375    0.0943    0.2183    0.6272    0.0369    0.0169 1087.1576 1005.3773    1.1859
   90.5000    0.0375    0.0943    0.2183    0.6272    0.0369    0.0169 1087.1576 1005.3773    1.1859
   91.0000    0.0375    0.0943    0.2183    0.6272    0.0369    0.0169 1087.1576 1005.3773    1.1859
   91.5000    0.0375    0.0943    0.2183    0.6272    0.0369    0.0169 1087.1576 1005.3773    1.1859
   92.0000    0.0375    0.0943    0.2183    0.6272    0.0369    0.0169 1087.1576 1005.3773    1.1859
   92.5000    0.0375    0.0943    0.2183    0.6272    0.0369    0.0169 1087.1576 1005.3773    1.1859
   93.0000    0.0375    0.0943    0.2183    0.6272    0.0369    0.0169 1087.1576 1005.3773    1.1859
   93.5000    0.0375    0.0943    0.2183    0.6272    0.0369    0.0169 1087.1576 1005.3773    1.1859
   94.0000    0.0375    0.0943    0.2183    0.6272    0.0369    0.0169 1087.1576 1005.3773    1.1859
   94.5000    0.0375    0.0943    0.2183    0.6272    0.0369    0.0169 1087.1576 1005.3773    1.1859
   95.0000    0.0375    0.0943    0.2183    0.6272    0.0369    0.0169 1087.1576 1005.3773    1.1859
   95.5000    0.0375    0.0943    0.2183    0.6272    0.0369    0.0169 1087.1576 1005.3773    1.1859
   96.0000    0.0375    0.0943    0.2183    0.6272    0.0369    0.0169 1087.1576 1005.3773    1.1859
   96.5000    0.0375    0.0943    0.2183    0.6272    0.0369    0.0169 1087.1576 1005.3773    1.1859
   97.0000    0.0375    0.0943    0.2183    0.6272    0.0369    0.0169 1087.1576 1005.3773    1.1859
   97.5000    0.0375    0.0943    0.2183    0.6272    0.0369    0.0169 1087.1576 1005.3773    1.1859
   98.0000    0.0375    0.0943    0.2183    0.6272    0.0369    0.0169 1087.1576 1005.3773    1.1859
   98.5000    0.0375    0.0943    0.2183    0.6272    0.0369    0.0169 1087.1576 1005.3773    1.1859
   99.0000    0.0375    0.0943    0.2183    0.6272    0.0369    0.0169 1087.1576 1005.3773    1.1859
   99.5000    0.0375    0.0943    0.2183    0.6272    0.0369    0.0169 1087.1576 1005.3773    1.1859
  100.0000    0.0375    0.0943    0.2183    0.6272    0.0369    0.0169 1087.1576 1005.3773    1.1859
