         t         y         k       L_H       L_L       c_H       c_L       V_H       V_L      V_HL
    0.0000    0.0497    0.1249    0.2292    0.6389    0.0372    0.0178 1120.4650 1040.8311    1.0902
    1.0000    0.0494    0.1249    0.2292    0.6389    0.0372    0.0178 1121.8247 1042.0942    1.0902
    2.0000    0.0491    0.1249    0.2292    0.6389    0.0372    0.0178 1123.1676 1043.3416    1.0902
    3.0000    0.0488    0.1249    0.2292    0.6389    0.0372    0.0178 1124.4954 1044.5751    1.0902
    4.0000    0.0485    0.1249    0.2292    0.6389    0.0372    0.0178 1125.8094 1045.7958    1.0902
    5.0000    0.0482    0.1248    0.2292    0.6389    0.0372    0.0178 1127.1098 1047.0037    1.0902
    6.0000    0.0479    0.1247    0.2292    0.6389    0.0372    0.0178 1128.3942 1048.1968    1.0902
    7.0000    0.0475    0.1244    0.2292    0.6389    0.0372    0.0178 1129.6529 1049.3660    1.0902
    8.0000    0.0470    0.1237    0.2292    0.6389    0.0372    0.0178 1130.8754 1050.5017    1.0902
    9.0000    0.0465    0.1227    0.2292    0.6389    0.0372    0.0178 1132.0469 1051.5899    1.0902
   10.0000    0.0458    0.1212    0.2292    0.6389    0.0372    0.0178 1133.1484 1052.6131    1.0902
   11.0000    0.0451    0.1191    0.2292    0.6389    0.0372    0.0178 1134.1569 1053.5499    1.0902
   12.0000    0.0443    0.1166    0.2292    0.6389    0.0372    0.0178 1135.0566 1054.3857    1.0902
   13.0000    0.0435    0.1137    0.2292    0.6389    0.0372    0.0178 1135.8325 1055.1064    1.0902
   14.0000    0.0427    0.1107    0.2292    0.6389    0.0372    0.0178 1136.4761 1055.7043    1.0902
   15.0000    0.0420    0.1078    0.2292    0.6389    0.0372    0.0178 1136.9881 1056.1799    1.0902
   16.0000    0.0413    0.1051    0.2292    0.6389    0.0372    0.0178 1137.3780 1056.5421    1.0902
   17.0000    0.0407    0.1029    0.2292    0.6389    0.0372    0.0178 1137.6618 1056.8057    1.0902
   18.0000    0.0402    0.1011    0.2292    0.6389    0.0372    0.0178 1137.8591 1056.9890    1.0902
   19.0000    0.0398    0.0997    0.2292    0.6389    0.0372    0.0178 1137.9897 1057.1103    1.0902
   20.0000    0.0395    0.0988    0.2292    0.6389    0.0372    0.0178 1138.0735 1057.1882    1.0902
   21.0000    0.0393    0.0981    0.2292    0.6389    0.0372    0.0178 1138.1254 1057.2364    1.0902
   22.0000    0.0391    0.0977    0.2292    0.6389    0.0372    0.0178 1138.1564 1057.2652    1.0902
   23.0000    0.0390    0.0974    0.2292    0.6389    0.0372    0.0178 1138.1743 1057.2818    1.0902
   24.0000    0.0390    0.0972    0.2292    0.6389    0.0372    0.0178 1138.1842 1057.2910    1.0902
   25.0000    0.0389    0.0972    0.2292    0.6389    0.0372    0.0178 1138.1895 1057.2960    1.0902
   26.0000    0.0389    0.0971    0.2292    0.6389    0.0372    0.0178 1138.1923 1057.2985    1.0902
   27.0000    0.0389    0.0971    0.2292    0.6389    0.0372    0.0178 1138.1937 1057.2998    1.0902
   28.0000    0.0389    0.0971    0.2292    0.6389    0.0372    0.0178 1138.1944 1057.3005    1.0902
   29.0000    0.0389    0.0971    0.2292    0.6389    0.0372    0.0178 1138.1947 1057.3007    1.0902
   30.0000    0.0389    0.0971    0.2292    0.6389    0.0372    0.0178 1138.1948 1057.3009    1.0902
   31.0000    0.0389    0.0971    0.2292    0.6389    0.0372    0.0178 1138.1949 1057.3009    1.0902
   32.0000    0.0389    0.0971    0.2292    0.6389    0.0372    0.0178 1138.1949 1057.3010    1.0902
   33.0000    0.0389    0.0971    0.2292    0.6389    0.0372    0.0178 1138.1949 1057.3010    1.0902
   34.0000    0.0389    0.0971    0.2292    0.6389    0.0372    0.0178 1138.1949 1057.3010    1.0902
   35.0000    0.0389    0.0971    0.2292    0.6389    0.0372    0.0178 1138.1949 1057.3010    1.0902
   36.0000    0.0389    0.0971    0.2292    0.6389    0.0372    0.0178 1138.1949 1057.3010    1.0902
   37.0000    0.0389    0.0971    0.2292    0.6389    0.0372    0.0178 1138.1949 1057.3010    1.0902
   38.0000    0.0389    0.0971    0.2292    0.6389    0.0372    0.0178 1138.1949 1057.3010    1.0902
   39.0000    0.0389    0.0971    0.2292    0.6389    0.0372    0.0178 1138.1949 1057.3010    1.0902
   40.0000    0.0389    0.0971    0.2292    0.6389    0.0372    0.0178 1138.1949 1057.3010    1.0902
   41.0000    0.0389    0.0971    0.2292    0.6389    0.0372    0.0178 1138.1949 1057.3010    1.0902
   42.0000    0.0389    0.0971    0.2292    0.6389    0.0372    0.0178 1138.1949 1057.3010    1.0902
   43.0000    0.0389    0.0971    0.2292    0.6389    0.0372    0.0178 1138.1949 1057.3010    1.0902
   44.0000    0.0389    0.0971    0.2292    0.6389    0.0372    0.0178 1138.1949 1057.3010    1.0902
   45.0000    0.0389    0.0971    0.2292    0.6389    0.0372    0.0178 1138.1949 1057.3010    1.0902
   46.0000    0.0389    0.0971    0.2292    0.6389    0.0372    0.0178 1138.1949 1057.3010    1.0902
   47.0000    0.0389    0.0971    0.2292    0.6389    0.0372    0.0178 1138.1949 1057.3010    1.0902
   48.0000    0.0389    0.0971    0.2292    0.6389    0.0372    0.0178 1138.1949 1057.3010    1.0902
   49.0000    0.0389    0.0971    0.2292    0.6389    0.0372    0.0178 1138.1949 1057.3010    1.0902
   50.0000    0.0389    0.0971    0.2292    0.6389    0.0372    0.0178 1138.1949 1057.3010    1.0902
   51.0000    0.0389    0.0971    0.2292    0.6389    0.0372    0.0178 1138.1949 1057.3010    1.0902
   52.0000    0.0389    0.0971    0.2292    0.6389    0.0372    0.0178 1138.1949 1057.3010    1.0902
   53.0000    0.0389    0.0971    0.2292    0.6389    0.0372    0.0178 1138.1949 1057.3010    1.0902
   54.0000    0.0389    0.0971    0.2292    0.6389    0.0372    0.0178 1138.1949 1057.3010    1.0902
   55.0000    0.0389    0.0971    0.2292    0.6389    0.0372    0.0178 1138.1949 1057.3010    1.0902
   56.0000    0.0389    0.0971    0.2292    0.6389    0.0372    0.0178 1138.1949 1057.3010    1.0902
   57.0000    0.0389    0.0971    0.2292    0.6389    0.0372    0.0178 1138.1949 1057.3010    1.0902
   58.0000    0.0389    0.0971    0.2292    0.6389    0.0372    0.0178 1138.1949 1057.3010    1.0902
   59.0000    0.0389    0.0971    0.2292    0.6389    0.0372    0.0178 1138.1949 1057.3010    1.0902
   60.0000    0.0389    0.0971    0.2292    0.6389    0.0372    0.0178 1138.1949 1057.3010    1.0902
   61.0000    0.0389    0.0971    0.2292    0.6389    0.0372    0.0178 1138.1949 1057.3010    1.0902
   62.0000    0.0389    0.0971    0.2292    0.6389    0.0372    0.0178 1138.1949 1057.3010    1.0902
   63.0000    0.0389    0.0971    0.2292    0.6389    0.0372    0.0178 1138.1949 1057.3010    1.0902
   64.0000    0.0389    0.0971    0.2292    0.6389    0.0372    0.0178 1138.1949 1057.3010    1.0902
   65.0000    0.0389    0.0971    0.2292    0.6389    0.0372    0.0178 1138.1949 1057.3010    1.0902
   66.0000    0.0389    0.0971    0.2292    0.6389    0.0372    0.0178 1138.1949 1057.3010    1.0902
   67.0000    0.0389    0.0971    0.2292    0.6389    0.0372    0.0178 1138.1949 1057.3010    1.0902
   68.0000    0.0389    0.0971    0.2292    0.6389    0.0372    0.0178 1138.1949 1057.3010    1.0902
   69.0000    0.0389    0.0971    0.2292    0.6389    0.0372    0.0178 1138.1949 1057.3010    1.0902
   70.0000    0.0389    0.0971    0.2292    0.6389    0.0372    0.0178 1138.1949 1057.3010    1.0902
   71.0000    0.0389    0.0971    0.2292    0.6389    0.0372    0.0178 1138.1949 1057.3010    1.0902
   72.0000    0.0389    0.0971    0.2292    0.6389    0.0372    0.0178 1138.1949 1057.3010    1.0902
   73.0000    0.0389    0.0971    0.2292    0.6389    0.0372    0.0178 1138.1949 1057.3010    1.0902
   74.0000    0.0389    0.0971    0.2292    0.6389    0.0372    0.0178 1138.1949 1057.3010    1.0902
   75.0000    0.0389    0.0971    0.2292    0.6389    0.0372    0.0178 1138.1949 1057.3010    1.0902
   76.0000    0.0389    0.0971    0.2292    0.6389    0.0372    0.0178 1138.1949 1057.3010    1.0902
   77.0000    0.0389    0.0971    0.2292    0.6389    0.0372    0.0178 1138.1949 1057.3010    1.0902
   78.0000    0.0389    0.0971    0.2292    0.6389    0.0372    0.0178 1138.1949 1057.3010    1.0902
   79.0000    0.0389    0.0971    0.2292    0.6389    0.0372    0.0178 1138.1949 1057.3010    1.0902
   80.0000    0.0389    0.0971    0.2292    0.6389    0.0372    0.0178 1138.1949 1057.3010    1.0902
   81.0000    0.0389    0.0971    0.2292    0.6389    0.0372    0.0178 1138.1949 1057.3010    1.0902
   82.0000    0.0389    0.0971    0.2292    0.6389    0.0372    0.0178 1138.1949 1057.3010    1.0902
   83.0000    0.0389    0.0971    0.2292    0.6389    0.0372    0.0178 1138.1949 1057.3010    1.0902
   84.0000    0.0389    0.0971    0.2292    0.6389    0.0372    0.0178 1138.1949 1057.3010    1.0902
   85.0000    0.0389    0.0971    0.2292    0.6389    0.0372    0.0178 1138.1949 1057.3010    1.0902
   86.0000    0.0389    0.0971    0.2292    0.6389    0.0372    0.0178 1138.1949 1057.3010    1.0902
   87.0000    0.0389    0.0971    0.2292    0.6389    0.0372    0.0178 1138.1949 1057.3010    1.0902
   88.0000    0.0389    0.0971    0.2292    0.6389    0.0372    0.0178 1138.1949 1057.3010    1.0902
   89.0000    0.0389    0.0971    0.2292    0.6389    0.0372    0.0178 1138.1949 1057.3010    1.0902
   90.0000    0.0389    0.0971    0.2292    0.6389    0.0372    0.0178 1138.1949 1057.3010    1.0902
   91.0000    0.0389    0.0971    0.2292    0.6389    0.0372    0.0178 1138.1949 1057.3010    1.0902
   92.0000    0.0389    0.0971    0.2292    0.6389    0.0372    0.0178 1138.1949 1057.3010    1.0902
   93.0000    0.0389    0.0971    0.2292    0.6389    0.0372    0.0178 1138.1949 1057.3010    1.0902
   94.0000    0.0389    0.0971    0.2292    0.6389    0.0372    0.0178 1138.1949 1057.3010    1.0902
   95.0000    0.0389    0.0971    0.2292    0.6389    0.0372    0.0178 1138.1949 1057.3010    1.0902
   96.0000    0.0389    0.0971    0.2292    0.6389    0.0372    0.0178 1138.1949 1057.3010    1.0902
   97.0000    0.0389    0.0971    0.2292    0.6389    0.0372    0.0178 1138.1949 1057.3010    1.0902
   98.0000    0.0389    0.0971    0.2292    0.6389    0.0372    0.0178 1138.1949 1057.3010    1.0902
   99.0000    0.0389    0.0971    0.2292    0.6389    0.0372    0.0178 1138.1949 1057.3010    1.0902
  100.0000    0.0389    0.0971    0.2292    0.6389    0.0372    0.0178 1138.1949 1057.3010    1.0902
