         t         N         I         S      h_HL       h_H       h_L       Eta   Gamma_H   Gamma_L
    0.0000    1.0000    0.6818    0.9068   -0.8098   -0.8098    0.0000    0.6495    0.0622    0.0963
    1.0000    1.0187    0.6876    0.9081   -0.8098   -0.8072    0.0026    0.6557    0.0613    0.0945
    2.0000    1.0374    0.6933    0.9095   -0.8098   -0.8046    0.0052    0.6618    0.0603    0.0928
    3.0000    1.0563    0.6989    0.9108   -0.8098   -0.8020    0.0078    0.6678    0.0594    0.0910
    4.0000    1.0753    0.7044    0.9122   -0.8098   -0.7994    0.0104    0.6738    0.0585    0.0893
    5.0000    1.0944    0.7099    0.9135   -0.8098   -0.7968    0.0131    0.6797    0.0576    0.0876
    6.0000    1.1136    0.7154    0.9149   -0.8098   -0.7942    0.0157    0.6857    0.0566    0.0859
    7.0000    1.1331    0.7209    0.9162   -0.8098   -0.7916    0.0183    0.6917    0.0557    0.0841
    8.0000    1.1530    0.7265    0.9176   -0.8098   -0.7889    0.0209    0.6976    0.0548    0.0824
    9.0000    1.1732    0.7319    0.9190   -0.8098   -0.7863    0.0235    0.7035    0.0538    0.0807
   10.0000    1.1940    0.7370    0.9203   -0.8098   -0.7837    0.0261    0.7090    0.0529    0.0791
   11.0000    1.2153    0.7418    0.9215   -0.8098   -0.7811    0.0287    0.7142    0.0521    0.0776
   12.0000    1.2372    0.7463    0.9226   -0.8098   -0.7785    0.0313    0.7191    0.0513    0.0762
   13.0000    1.2597    0.7506    0.9237   -0.8098   -0.7759    0.0340    0.7238    0.0505    0.0748
   14.0000    1.2826    0.7551    0.9249   -0.8098   -0.7733    0.0366    0.7286    0.0497    0.0734
   15.0000    1.3060    0.7598    0.9261   -0.8098   -0.7707    0.0392    0.7338    0.0489    0.0719
   16.0000    1.3296    0.7648    0.9274   -0.8098   -0.7680    0.0418    0.7392    0.0480    0.0703
   17.0000    1.3536    0.7693    0.9286   -0.8098   -0.7654    0.0444    0.7441    0.0472    0.0689
   18.0000    1.3776    0.7728    0.9295   -0.8098   -0.7628    0.0470    0.7480    0.0465    0.0678
   19.0000    1.4018    0.7754    0.9302   -0.8098   -0.7602    0.0496    0.7507    0.0461    0.0670
   20.0000    1.4261    0.7771    0.9307   -0.8098   -0.7576    0.0522    0.7526    0.0457    0.0664
   21.0000    1.4504    0.7782    0.9310   -0.8098   -0.7550    0.0549    0.7538    0.0455    0.0661
   22.0000    1.4747    0.7788    0.9311   -0.8098   -0.7524    0.0575    0.7545    0.0454    0.0659
   23.0000    1.4991    0.7792    0.9312   -0.8098   -0.7498    0.0601    0.7549    0.0454    0.0658
   24.0000    1.5234    0.7794    0.9313   -0.8098   -0.7472    0.0627    0.7551    0.0453    0.0657
   25.0000    1.5478    0.7795    0.9313   -0.8098   -0.7445    0.0653    0.7552    0.0453    0.0657
   26.0000    1.5722    0.7795    0.9313   -0.8098   -0.7419    0.0679    0.7553    0.0453    0.0657
   27.0000    1.5965    0.7796    0.9313   -0.8098   -0.7393    0.0705    0.7553    0.0453    0.0657
   28.0000    1.6209    0.7796    0.9313   -0.8098   -0.7367    0.0731    0.7553    0.0453    0.0657
   29.0000    1.6452    0.7796    0.9313   -0.8098   -0.7341    0.0758    0.7553    0.0453    0.0657
   30.0000    1.6696    0.7796    0.9313   -0.8098   -0.7315    0.0784    0.7553    0.0453    0.0657
   31.0000    1.6939    0.7796    0.9313   -0.8098   -0.7289    0.0810    0.7554    0.0453    0.0657
   32.0000    1.7183    0.7796    0.9313   -0.8098   -0.7263    0.0836    0.7554    0.0453    0.0657
   33.0000    1.7427    0.7796    0.9313   -0.8098   -0.7236    0.0862    0.7554    0.0453    0.0657
   34.0000    1.7670    0.7796    0.9313   -0.8098   -0.7210    0.0888    0.7554    0.0453    0.0657
   35.0000    1.7914    0.7796    0.9313   -0.8098   -0.7184    0.0914    0.7554    0.0453    0.0657
   36.0000    1.8157    0.7796    0.9313   -0.8098   -0.7158    0.0940    0.7554    0.0453    0.0657
   37.0000    1.8401    0.7796    0.9313   -0.8098   -0.7132    0.0967    0.7554    0.0453    0.0657
   38.0000    1.8645    0.7796    0.9313   -0.8098   -0.7106    0.0993    0.7554    0.0453    0.0657
   39.0000    1.8888    0.7796    0.9313   -0.8098   -0.7080    0.1019    0.7554    0.0453    0.0657
   40.0000    1.9132    0.7796    0.9313   -0.8098   -0.7054    0.1045    0.7554    0.0453    0.0657
   41.0000    1.9375    0.7796    0.9313   -0.8098   -0.7027    0.1071    0.7554    0.0453    0.0657
   42.0000    1.9619    0.7796    0.9313   -0.8098   -0.7001    0.1097    0.7554    0.0453    0.0657
   43.0000    1.9863    0.7796    0.9313   -0.8098   -0.6975    0.1123    0.7554    0.0453    0.0657
   44.0000    2.0106    0.7796    0.9313   -0.8098   -0.6949    0.1149    0.7554    0.0453    0.0657
   45.0000    2.0350    0.7796    0.9313   -0.8098   -0.6923    0.1176    0.7554    0.0453    0.0657
   46.0000    2.0593    0.7796    0.9313   -0.8098   -0.6897    0.1202    0.7554    0.0453    0.0657
   47.0000    2.0837    0.7796    0.9313   -0.8098   -0.6871    0.1228    0.7554    0.0453    0.0657
   48.0000    2.1080    0.7796    0.9313   -0.8098   -0.6845    0.1254    0.7554    0.0453    0.0657
   49.0000    2.1324    0.7796    0.9313   -0.8098   -0.6818    0.1280    0.7554    0.0453    0.0657
   50.0000    2.1568    0.7796    0.9313   -0.8098   -0.6792    0.1306    0.7554    0.0453    0.0657
   51.0000    2.1811    0.7796    0.9313   -0.8098   -0.6766    0.1332    0.7554    0.0453    0.0657
   52.0000    2.2055    0.7796    0.9313   -0.8098   -0.6740    0.1358    0.7554    0.0453    0.0657
   53.0000    2.2298    0.7796    0.9313   -0.8098   -0.6714    0.1385    0.7554    0.0453    0.0657
   54.0000    2.2542    0.7796    0.9313   -0.8098   -0.6688    0.1411    0.7554    0.0453    0.0657
   55.0000    2.2786    0.7796    0.9313   -0.8098   -0.6662    0.1437    0.7554    0.0453    0.0657
   56.0000    2.3029    0.7796    0.9313   -0.8098   -0.6636    0.1463    0.7554    0.0453    0.0657
   57.0000    2.3273    0.7796    0.9313   -0.8098   -0.6609    0.1489    0.7554    0.0453    0.0657
   58.0000    2.3516    0.7796    0.9313   -0.8098   -0.6583    0.1515    0.7554    0.0453    0.0657
   59.0000    2.3760    0.7796    0.9313   -0.8098   -0.6557    0.1541    0.7554    0.0453    0.0657
   60.0000    2.4003    0.7796    0.9313   -0.8098   -0.6531    0.1567    0.7554    0.0453    0.0657
   61.0000    2.4247    0.7796    0.9313   -0.8098   -0.6505    0.1594    0.7554    0.0453    0.0657
   62.0000    2.4491    0.7796    0.9313   -0.8098   -0.6479    0.1620    0.7554    0.0453    0.0657
   63.0000    2.4734    0.7796    0.9313   -0.8098   -0.6453    0.1646    0.7554    0.0453    0.0657
   64.0000    2.4978    0.7796    0.9313   -0.8098   -0.6427    0.1672    0.7554    0.0453    0.0657
   65.0000    2.5221    0.7796    0.9313   -0.8098   -0.6400    0.1698    0.7554    0.0453    0.0657
   66.0000    2.5465    0.7796    0.9313   -0.8098   -0.6374    0.1724    0.7554    0.0453    0.0657
   67.0000    2.5709    0.7796    0.9313   -0.8098   -0.6348    0.1750    0.7554    0.0453    0.0657
   68.0000    2.5952    0.7796    0.9313   -0.8098   -0.6322    0.1776    0.7554    0.0453    0.0657
   69.0000    2.6196    0.7796    0.9313   -0.8098   -0.6296    0.1803    0.7554    0.0453    0.0657
   70.0000    2.6439    0.7796    0.9313   -0.8098   -0.6270    0.1829    0.7554    0.0453    0.0657
   71.0000    2.6683    0.7796    0.9313   -0.8098   -0.6244    0.1855    0.7554    0.0453    0.0657
   72.0000    2.6927    0.7796    0.9313   -0.8098   -0.6218    0.1881    0.7554    0.0453    0.0657
   73.0000    2.7170    0.7796    0.9313   -0.8098   -0.6191    0.1907    0.7554    0.0453    0.0657
   74.0000    2.7414    0.7796    0.9313   -0.8098   -0.6165    0.1933    0.7554    0.0453    0.0657
   75.0000    2.7657    0.7796    0.9313   -0.8098   -0.6139    0.1959    0.7554    0.0453    0.0657
   76.0000    2.7901    0.7796    0.9313   -0.8098   -0.6113    0.1985    0.7554    0.0453    0.0657
   77.0000    2.8145    0.7796    0.9313   -0.8098   -0.6087    0.2012    0.7554    0.0453    0.0657
   78.0000    2.8388    0.7796    0.9313   -0.8098   -0.6061    0.2038    0.7554    0.0453    0.0657
   79.0000    2.8632    0.7796    0.9313   -0.8098   -0.6035    0.2064    0.7554    0.0453    0.0657
   80.0000    2.8875    0.7796    0.9313   -0.8098   -0.6009    0.2090    0.7554    0.0453    0.0657
   81.0000    2.9119    0.7796    0.9313   -0.8098   -0.5982    0.2116    0.7554    0.0453    0.0657
   82.0000    2.9362    0.7796    0.9313   -0.8098   -0.5956    0.2142    0.7554    0.0453    0.0657
   83.0000    2.9606    0.7796    0.9313   -0.8098   -0.5930    0.2168    0.7554    0.0453    0.0657
   84.0000    2.9850    0.7796    0.9313   -0.8098   -0.5904    0.2194    0.7554    0.0453    0.0657
   85.0000    3.0093    0.7796    0.9313   -0.8098   -0.5878    0.2221    0.7554    0.0453    0.0657
   86.0000    3.0337    0.7796    0.9313   -0.8098   -0.5852    0.2247    0.7554    0.0453    0.0657
   87.0000    3.0580    0.7796    0.9313   -0.8098   -0.5826    0.2273    0.7554    0.0453    0.0657
   88.0000    3.0824    0.7796    0.9313   -0.8098   -0.5800    0.2299    0.7554    0.0453    0.0657
   89.0000    3.1068    0.7796    0.9313   -0.8098   -0.5773    0.2325    0.7554    0.0453    0.0657
   90.0000    3.1311    0.7796    0.9313   -0.8098   -0.5747    0.2351    0.7554    0.0453    0.0657
   91.0000    3.1555    0.7796    0.9313   -0.8098   -0.5721    0.2377    0.7554    0.0453    0.0657
   92.0000    3.1798    0.7796    0.9313   -0.8098   -0.5695    0.2403    0.7554    0.0453    0.0657
   93.0000    3.2042    0.7796    0.9313   -0.8098   -0.5669    0.2430    0.7554    0.0453    0.0657
   94.0000    3.2286    0.7796    0.9313   -0.8098   -0.5643    0.2456    0.7554    0.0453    0.0657
   95.0000    3.2529    0.7796    0.9313   -0.8098   -0.5617    0.2482    0.7554    0.0453    0.0657
   96.0000    3.2773    0.7796    0.9313   -0.8098   -0.5591    0.2508    0.7554    0.0453    0.0657
   97.0000    3.3016    0.7796    0.9313   -0.8098   -0.5564    0.2534    0.7554    0.0453    0.0657
   98.0000    3.3260    0.7796    0.9313   -0.8098   -0.5538    0.2560    0.7554    0.0453    0.0657
   99.0000    3.3503    0.7796    0.9313   -0.8098   -0.5512    0.2586    0.7554    0.0453    0.0657
  100.0000    1.0000    0.7796    0.9313   -0.8098   -0.8098    0.0000    0.7554    0.0453    0.0657
