         t         y         k       L_H       L_L       c_H       c_L       V_H       V_L      V_HL
    0.0000    0.0497    0.1249    0.2292    0.6389    0.0371    0.0178 1121.7803 1042.0530    1.0902
    1.0000    0.0494    0.1249    0.2292    0.6389    0.0371    0.0178 1123.1516 1043.3268    1.0902
    2.0000    0.0491    0.1249    0.2292    0.6389    0.0371    0.0178 1124.5061 1044.5850    1.0902
    3.0000    0.0488    0.1249    0.2292    0.6389    0.0371    0.0178 1125.8451 1045.8289    1.0902
    4.0000    0.0485    0.1249    0.2292    0.6389    0.0371    0.0178 1127.1693 1047.0590    1.0902
    5.0000    0.0482    0.1247    0.2292    0.6389    0.0371    0.0178 1128.4769 1048.2737    1.0902
    6.0000    0.0479    0.1244    0.2292    0.6389    0.0371    0.0178 1129.7623 1049.4677    1.0902
    7.0000    0.0474    0.1238    0.2292    0.6389    0.0371    0.0178 1131.0110 1050.6276    1.0902
    8.0000    0.0469    0.1227    0.2292    0.6389    0.0371    0.0178 1132.2063 1051.7380    1.0902
    9.0000    0.0463    0.1211    0.2292    0.6389    0.0371    0.0178 1133.3273 1052.7793    1.0902
   10.0000    0.0456    0.1189    0.2292    0.6389    0.0371    0.0178 1134.3496 1053.7290    1.0902
   11.0000    0.0449    0.1162    0.2292    0.6389    0.0371    0.0178 1135.2495 1054.5649    1.0902
   12.0000    0.0440    0.1132    0.2292    0.6389    0.0371    0.0178 1136.0144 1055.2754    1.0902
   13.0000    0.0432    0.1101    0.2292    0.6389    0.0371    0.0178 1136.6369 1055.8537    1.0902
   14.0000    0.0424    0.1071    0.2292    0.6389    0.0371    0.0178 1137.1208 1056.3032    1.0902
   15.0000    0.0416    0.1044    0.2292    0.6389    0.0371    0.0178 1137.4799 1056.6368    1.0902
   16.0000    0.0409    0.1022    0.2292    0.6389    0.0371    0.0178 1137.7344 1056.8732    1.0902
   17.0000    0.0403    0.1005    0.2292    0.6389    0.0371    0.0178 1137.9076 1057.0341    1.0902
   18.0000    0.0398    0.0993    0.2292    0.6389    0.0371    0.0178 1138.0195 1057.1380    1.0902
   19.0000    0.0395    0.0984    0.2292    0.6389    0.0372    0.0178 1138.0893 1057.2028    1.0902
   20.0000    0.0392    0.0979    0.2292    0.6389    0.0372    0.0178 1138.1311 1057.2417    1.0902
   21.0000    0.0391    0.0975    0.2292    0.6389    0.0372    0.0178 1138.1552 1057.2641    1.0902
   22.0000    0.0390    0.0973    0.2292    0.6389    0.0372    0.0178 1138.1686 1057.2765    1.0902
   23.0000    0.0390    0.0972    0.2292    0.6389    0.0372    0.0178 1138.1758 1057.2832    1.0902
   24.0000    0.0389    0.0971    0.2292    0.6389    0.0372    0.0178 1138.1795 1057.2866    1.0902
   25.0000    0.0389    0.0971    0.2292    0.6389    0.0372    0.0178 1138.1814 1057.2884    1.0902
   26.0000    0.0389    0.0971    0.2292    0.6389    0.0372    0.0178 1138.1824 1057.2893    1.0902
   27.0000    0.0389    0.0971    0.2292    0.6389    0.0372    0.0178 1138.1830 1057.2899    1.0902
   28.0000    0.0389    0.0971    0.2292    0.6389    0.0372    0.0178 1138.1833 1057.2901    1.0902
   29.0000    0.0389    0.0971    0.2292    0.6389    0.0372    0.0178 1138.1835 1057.2904    1.0902
   30.0000    0.0389    0.0971    0.2292    0.6389    0.0372    0.0178 1138.1837 1057.2905    1.0902
   31.0000    0.0389    0.0971    0.2292    0.6389    0.0372    0.0178 1138.1838 1057.2907    1.0902
   32.0000    0.0389    0.0971    0.2292    0.6389    0.0372    0.0178 1138.1839 1057.2908    1.0902
   33.0000    0.0389    0.0971    0.2292    0.6389    0.0372    0.0178 1138.1841 1057.2909    1.0902
   34.0000    0.0389    0.0971    0.2292    0.6389    0.0372    0.0178 1138.1842 1057.2910    1.0902
   35.0000    0.0389    0.0971    0.2292    0.6389    0.0372    0.0178 1138.1844 1057.2912    1.0902
   36.0000    0.0389    0.0971    0.2292    0.6389    0.0372    0.0178 1138.1847 1057.2915    1.0902
   37.0000    0.0389    0.0971    0.2292    0.6389    0.0372    0.0178 1138.1848 1057.2916    1.0902
   38.0000    0.0389    0.0971    0.2292    0.6389    0.0372    0.0178 1138.1850 1057.2918    1.0902
   39.0000    0.0389    0.0971    0.2292    0.6389    0.0372    0.0178 1138.1854 1057.2922    1.0902
   40.0000    0.0389    0.0971    0.2292    0.6389    0.0372    0.0178 1138.1855 1057.2922    1.0902
   41.0000    0.0389    0.0971    0.2292    0.6389    0.0372    0.0178 1138.1856 1057.2923    1.0902
   42.0000    0.0389    0.0971    0.2292    0.6389    0.0372    0.0178 1138.1857 1057.2924    1.0902
   43.0000    0.0389    0.0971    0.2292    0.6389    0.0372    0.0178 1138.1858 1057.2925    1.0902
   44.0000    0.0389    0.0971    0.2292    0.6389    0.0372    0.0178 1138.1860 1057.2927    1.0902
   45.0000    0.0389    0.0971    0.2292    0.6389    0.0372    0.0178 1138.1862 1057.2928    1.0902
   46.0000    0.0389    0.0971    0.2292    0.6389    0.0372    0.0178 1138.1863 1057.2930    1.0902
   47.0000    0.0389    0.0971    0.2292    0.6389    0.0372    0.0178 1138.1865 1057.2931    1.0902
   48.0000    0.0389    0.0971    0.2292    0.6389    0.0372    0.0178 1138.1867 1057.2933    1.0902
   49.0000    0.0389    0.0971    0.2292    0.6389    0.0372    0.0178 1138.1869 1057.2935    1.0902
   50.0000    0.0389    0.0971    0.2292    0.6389    0.0372    0.0178 1138.1870 1057.2936    1.0902
   51.0000    0.0389    0.0971    0.2292    0.6389    0.0372    0.0178 1138.1873 1057.2938    1.0902
   52.0000    0.0389    0.0971    0.2292    0.6389    0.0372    0.0178 1138.1874 1057.2939    1.0902
   53.0000    0.0389    0.0971    0.2292    0.6389    0.0372    0.0178 1138.1876 1057.2941    1.0902
   54.0000    0.0389    0.0971    0.2292    0.6389    0.0372    0.0178 1138.1877 1057.2943    1.0902
   55.0000    0.0389    0.0971    0.2292    0.6389    0.0372    0.0178 1138.1879 1057.2944    1.0902
   56.0000    0.0389    0.0971    0.2292    0.6389    0.0372    0.0178 1138.1880 1057.2945    1.0902
   57.0000    0.0389    0.0971    0.2292    0.6389    0.0372    0.0178 1138.1882 1057.2947    1.0902
   58.0000    0.0389    0.0971    0.2292    0.6389    0.0372    0.0178 1138.1884 1057.2949    1.0902
   59.0000    0.0389    0.0971    0.2292    0.6389    0.0372    0.0178 1138.1886 1057.2950    1.0902
   60.0000    0.0389    0.0971    0.2292    0.6389    0.0372    0.0178 1138.1887 1057.2952    1.0902
   61.0000    0.0389    0.0971    0.2292    0.6389    0.0372    0.0178 1138.1889 1057.2953    1.0902
   62.0000    0.0389    0.0971    0.2292    0.6389    0.0372    0.0178 1138.1890 1057.2955    1.0902
   63.0000    0.0389    0.0971    0.2292    0.6389    0.0372    0.0178 1138.1891 1057.2956    1.0902
   64.0000    0.0389    0.0971    0.2292    0.6389    0.0372    0.0178 1138.1892 1057.2957    1.0902
   65.0000    0.0389    0.0971    0.2292    0.6389    0.0372    0.0178 1138.1893 1057.2958    1.0902
   66.0000    0.0389    0.0971    0.2292    0.6389    0.0372    0.0178 1138.1894 1057.2958    1.0902
   67.0000    0.0389    0.0971    0.2292    0.6389    0.0372    0.0178 1138.1895 1057.2959    1.0902
   68.0000    0.0389    0.0971    0.2292    0.6389    0.0372    0.0178 1138.1896 1057.2960    1.0902
   69.0000    0.0389    0.0971    0.2292    0.6389    0.0372    0.0178 1138.1898 1057.2962    1.0902
   70.0000    0.0389    0.0971    0.2292    0.6389    0.0372    0.0178 1138.1900 1057.2964    1.0902
   71.0000    0.0389    0.0971    0.2292    0.6389    0.0372    0.0178 1138.1901 1057.2965    1.0902
   72.0000    0.0389    0.0971    0.2292    0.6389    0.0372    0.0178 1138.1902 1057.2966    1.0902
   73.0000    0.0389    0.0971    0.2292    0.6389    0.0372    0.0178 1138.1903 1057.2967    1.0902
   74.0000    0.0389    0.0971    0.2292    0.6389    0.0372    0.0178 1138.1905 1057.2969    1.0902
   75.0000    0.0389    0.0971    0.2292    0.6389    0.0372    0.0178 1138.1907 1057.2970    1.0902
   76.0000    0.0389    0.0971    0.2292    0.6389    0.0372    0.0178 1138.1908 1057.2972    1.0902
   77.0000    0.0389    0.0971    0.2292    0.6389    0.0372    0.0178 1138.1912 1057.2975    1.0902
   78.0000    0.0389    0.0971    0.2292    0.6389    0.0372    0.0178 1138.1913 1057.2976    1.0902
   79.0000    0.0389    0.0971    0.2292    0.6389    0.0372    0.0178 1138.1914 1057.2977    1.0902
   80.0000    0.0389    0.0971    0.2292    0.6389    0.0372    0.0178 1138.1918 1057.2981    1.0902
   81.0000    0.0389    0.0971    0.2292    0.6389    0.0372    0.0178 1138.1919 1057.2982    1.0902
   82.0000    0.0389    0.0971    0.2292    0.6389    0.0372    0.0178 1138.1920 1057.2983    1.0902
   83.0000    0.0389    0.0971    0.2292    0.6389    0.0372    0.0178 1138.1923 1057.2985    1.0902
   84.0000    0.0389    0.0971    0.2292    0.6389    0.0372    0.0178 1138.1924 1057.2986    1.0902
   85.0000    0.0389    0.0971    0.2292    0.6389    0.0372    0.0178 1138.1925 1057.2987    1.0902
   86.0000    0.0389    0.0971    0.2292    0.6389    0.0372    0.0178 1138.1927 1057.2989    1.0902
   87.0000    0.0389    0.0971    0.2292    0.6389    0.0372    0.0178 1138.1928 1057.2990    1.0902
   88.0000    0.0389    0.0971    0.2292    0.6389    0.0372    0.0178 1138.1929 1057.2991    1.0902
   89.0000    0.0389    0.0971    0.2292    0.6389    0.0372    0.0178 1138.1931 1057.2993    1.0902
   90.0000    0.0389    0.0971    0.2292    0.6389    0.0372    0.0178 1138.1933 1057.2994    1.0902
   91.0000    0.0389    0.0971    0.2292    0.6389    0.0372    0.0178 1138.1934 1057.2996    1.0902
   92.0000    0.0389    0.0971    0.2292    0.6389    0.0372    0.0178 1138.1936 1057.2997    1.0902
   93.0000    0.0389    0.0971    0.2292    0.6389    0.0372    0.0178 1138.1937 1057.2998    1.0902
   94.0000    0.0389    0.0971    0.2292    0.6389    0.0372    0.0178 1138.1938 1057.3000    1.0902
   95.0000    0.0389    0.0971    0.2292    0.6389    0.0372    0.0178 1138.1940 1057.3001    1.0902
   96.0000    0.0389    0.0971    0.2292    0.6389    0.0372    0.0178 1138.1942 1057.3003    1.0902
   97.0000    0.0389    0.0971    0.2292    0.6389    0.0372    0.0178 1138.1944 1057.3005    1.0902
   98.0000    0.0389    0.0971    0.2292    0.6389    0.0372    0.0178 1138.1946 1057.3007    1.0902
   99.0000    0.0389    0.0971    0.2292    0.6389    0.0372    0.0178 1138.1947 1057.3008    1.0902
  100.0000    0.0389    0.0971    0.2292    0.6389    0.0372    0.0178 1138.1949 1057.3010    1.0902
