         t         N         I         S      h_HL       h_H       h_L       Eta   Gamma_H   Gamma_L
    0.0000    1.0000    0.6818    0.9068   -0.8098   -0.8098    0.0000    0.6495    0.0622    0.0963
    1.0000    1.0186    0.6855    0.9195   -0.8084   -0.8057    0.0027    0.6534    0.0534    0.1014
    2.0000    1.0371    0.6897    0.9204   -0.8070   -0.8016    0.0054    0.6579    0.0528    0.0999
    3.0000    1.0557    0.6939    0.9213   -0.8056   -0.7975    0.0081    0.6625    0.0522    0.0984
    4.0000    1.0742    0.6983    0.9222   -0.8042   -0.7934    0.0108    0.6673    0.0516    0.0968
    5.0000    1.0928    0.7028    0.9233   -0.8028   -0.7893    0.0134    0.6720    0.0509    0.0953
    6.0000    1.1114    0.7072    0.9243   -0.8013   -0.7852    0.0161    0.6768    0.0502    0.0937
    7.0000    1.1299    0.7117    0.9252   -0.7999   -0.7811    0.0188    0.6817    0.0495    0.0921
    8.0000    1.1485    0.7161    0.9262   -0.7984   -0.7770    0.0214    0.6865    0.0488    0.0905
    9.0000    1.1670    0.7206    0.9270   -0.7969   -0.7728    0.0241    0.6913    0.0483    0.0888
   10.0000    1.1856    0.7250    0.9280   -0.7955   -0.7687    0.0267    0.6960    0.0476    0.0873
   11.0000    1.2041    0.7294    0.9291   -0.7940   -0.7646    0.0293    0.7008    0.0468    0.0858
   12.0000    1.2227    0.7339    0.9302   -0.7925   -0.7605    0.0319    0.7056    0.0461    0.0843
   13.0000    1.2413    0.7383    0.9311   -0.7910   -0.7564    0.0345    0.7104    0.0454    0.0827
   14.0000    1.2598    0.7428    0.9321   -0.7895   -0.7523    0.0371    0.7153    0.0447    0.0811
   15.0000    1.2784    0.7472    0.9332   -0.7880   -0.7482    0.0397    0.7201    0.0440    0.0796
   16.0000    1.2969    0.7517    0.9342   -0.7864   -0.7441    0.0423    0.7250    0.0433    0.0780
   17.0000    1.3155    0.7562    0.9352   -0.7849   -0.7399    0.0448    0.7299    0.0426    0.0764
   18.0000    1.3340    0.7607    0.9362   -0.7834   -0.7358    0.0474    0.7348    0.0419    0.0748
   19.0000    1.3526    0.7623    0.9366   -0.7819   -0.7317    0.0499    0.7366    0.0416    0.0742
   20.0000    1.3712    0.7623    0.9364   -0.7804   -0.7277    0.0524    0.7366    0.0417    0.0740
   21.0000    1.3897    0.7623    0.9361   -0.7789   -0.7237    0.0547    0.7366    0.0420    0.0737
   22.0000    1.4083    0.7623    0.9358   -0.7774   -0.7197    0.0572    0.7366    0.0422    0.0735
   23.0000    1.4269    0.7623    0.9357   -0.7761   -0.7158    0.0596    0.7366    0.0423    0.0733
   24.0000    1.4456    0.7623    0.9355   -0.7749   -0.7120    0.0616    0.7366    0.0424    0.0731
   25.0000    1.4644    0.7623    0.9348   -0.7736   -0.7084    0.0636    0.7366    0.0429    0.0726
   26.0000    1.4834    0.7623    0.9336   -0.7724   -0.7048    0.0657    0.7366    0.0437    0.0719
   27.0000    1.5025    0.7623    0.9329   -0.7711   -0.7014    0.0678    0.7365    0.0442    0.0715
   28.0000    1.5218    0.7623    0.9319   -0.7696   -0.6981    0.0698    0.7365    0.0449    0.0709
   29.0000    1.5415    0.7623    0.9308   -0.7678   -0.6950    0.0718    0.7365    0.0457    0.0702
   30.0000    1.5615    0.7623    0.9304   -0.7655   -0.6920    0.0737    0.7365    0.0459    0.0698
   31.0000    1.5818    0.7622    0.9299   -0.7626   -0.6890    0.0757    0.7365    0.0462    0.0694
   32.0000    1.6025    0.7622    0.9282   -0.7591   -0.6863    0.0775    0.7364    0.0475    0.0684
   33.0000    1.6237    0.7620    0.9269   -0.7551   -0.6838    0.0792    0.7362    0.0484    0.0675
   34.0000    1.6451    0.7617    0.9260   -0.7505   -0.6815    0.0810    0.7358    0.0490    0.0669
   35.0000    1.6668    0.7611    0.9256   -0.7455   -0.6791    0.0829    0.7352    0.0492    0.0666
   36.0000    1.6889    0.7599    0.9253   -0.7401   -0.6766    0.0848    0.7339    0.0495    0.0666
   37.0000    1.7113    0.7581    0.9249   -0.7346   -0.6741    0.0867    0.7319    0.0498    0.0668
   38.0000    1.7339    0.7563    0.9243   -0.7291   -0.6716    0.0887    0.7300    0.0501    0.0669
   39.0000    1.7563    0.7551    0.9235   -0.7237   -0.6690    0.0907    0.7287    0.0507    0.0667
   40.0000    1.7789    0.7545    0.9228   -0.7187   -0.6665    0.0927    0.7280    0.0512    0.0662
   41.0000    1.8014    0.7544    0.9222   -0.7143   -0.6640    0.0947    0.7279    0.0516    0.0657
   42.0000    1.8243    0.7548    0.9218   -0.7106   -0.6616    0.0967    0.7284    0.0518    0.0651
   43.0000    1.8473    0.7557    0.9218   -0.7077   -0.6593    0.0985    0.7293    0.0519    0.0645
   44.0000    1.8703    0.7567    0.9227   -0.7056   -0.6568    0.1005    0.7305    0.0513    0.0644
   45.0000    1.8933    0.7578    0.9237   -0.7046   -0.6543    0.1023    0.7316    0.0506    0.0644
   46.0000    1.9164    0.7588    0.9243   -0.7045   -0.6517    0.1043    0.7327    0.0502    0.0643
   47.0000    1.9394    0.7596    0.9251   -0.7045   -0.6491    0.1062    0.7336    0.0496    0.0643
   48.0000    1.9624    0.7603    0.9248   -0.7045   -0.6466    0.1081    0.7344    0.0498    0.0639
   49.0000    1.9854    0.7609    0.9254   -0.7045   -0.6439    0.1101    0.7350    0.0494    0.0639
   50.0000    2.0084    0.7613    0.9252   -0.7045   -0.6413    0.1120    0.7355    0.0495    0.0637
   51.0000    2.0314    0.7616    0.9249   -0.7045   -0.6388    0.1139    0.7358    0.0497    0.0634
   52.0000    2.0544    0.7619    0.9247   -0.7045   -0.6363    0.1158    0.7361    0.0499    0.0632
   53.0000    2.0774    0.7620    0.9243   -0.7045   -0.6339    0.1177    0.7362    0.0501    0.0630
   54.0000    2.1004    0.7621    0.9239   -0.7045   -0.6316    0.1195    0.7363    0.0504    0.0627
   55.0000    2.1235    0.7622    0.9235   -0.7045   -0.6294    0.1212    0.7364    0.0507    0.0625
   56.0000    2.1465    0.7623    0.9240   -0.7045   -0.6271    0.1231    0.7365    0.0503    0.0627
   57.0000    2.1695    0.7623    0.9239   -0.7045   -0.6247    0.1250    0.7365    0.0504    0.0627
   58.0000    2.1925    0.7623    0.9235   -0.7045   -0.6225    0.1267    0.7365    0.0507    0.0625
   59.0000    2.2155    0.7623    0.9240   -0.7045   -0.6202    0.1286    0.7365    0.0504    0.0627
   60.0000    2.2385    0.7623    0.9238   -0.7045   -0.6179    0.1303    0.7365    0.0505    0.0626
   61.0000    2.2615    0.7623    0.9235   -0.7045   -0.6157    0.1321    0.7366    0.0507    0.0624
   62.0000    2.2845    0.7623    0.9232   -0.7045   -0.6136    0.1338    0.7366    0.0509    0.0623
   63.0000    2.3075    0.7623    0.9236   -0.7045   -0.6113    0.1356    0.7366    0.0506    0.0625
   64.0000    2.3306    0.7623    0.9234   -0.7045   -0.6091    0.1373    0.7366    0.0508    0.0624
   65.0000    2.3536    0.7623    0.9238   -0.7045   -0.6069    0.1391    0.7366    0.0505    0.0626
   66.0000    2.3766    0.7623    0.9236   -0.7045   -0.6046    0.1409    0.7366    0.0506    0.0625
   67.0000    2.3996    0.7623    0.9239   -0.7045   -0.6024    0.1426    0.7366    0.0504    0.0626
   68.0000    2.4226    0.7623    0.9235   -0.7045   -0.6001    0.1444    0.7366    0.0507    0.0625
   69.0000    2.4456    0.7623    0.9232   -0.7045   -0.5980    0.1462    0.7366    0.0509    0.0623
   70.0000    2.4686    0.7623    0.9227   -0.7045   -0.5959    0.1479    0.7366    0.0513    0.0621
   71.0000    2.4916    0.7623    0.9230   -0.7045   -0.5938    0.1497    0.7366    0.0511    0.0622
   72.0000    2.5146    0.7623    0.9231   -0.7045   -0.5916    0.1515    0.7366    0.0510    0.0622
   73.0000    2.5376    0.7623    0.9234   -0.7045   -0.5894    0.1534    0.7366    0.0508    0.0624
   74.0000    2.5607    0.7623    0.9232   -0.7045   -0.5873    0.1552    0.7366    0.0509    0.0623
   75.0000    2.5837    0.7623    0.9228   -0.7045   -0.5852    0.1569    0.7366    0.0512    0.0621
   76.0000    2.6067    0.7623    0.9234   -0.7045   -0.5830    0.1587    0.7366    0.0508    0.0624
   77.0000    2.6297    0.7623    0.9230   -0.7045   -0.5808    0.1606    0.7366    0.0510    0.0622
   78.0000    2.6527    0.7623    0.9228   -0.7045   -0.5787    0.1625    0.7366    0.0512    0.0621
   79.0000    2.6757    0.7623    0.9226   -0.7045   -0.5766    0.1642    0.7366    0.0513    0.0620
   80.0000    2.6987    0.7623    0.9224   -0.7045   -0.5746    0.1660    0.7366    0.0514    0.0619
   81.0000    2.7217    0.7623    0.9223   -0.7045   -0.5726    0.1676    0.7366    0.0515    0.0619
   82.0000    2.7447    0.7623    0.9220   -0.7045   -0.5707    0.1693    0.7366    0.0517    0.0618
   83.0000    2.7678    0.7623    0.9217   -0.7045   -0.5688    0.1709    0.7366    0.0520    0.0616
   84.0000    2.7908    0.7623    0.9212   -0.7045   -0.5670    0.1725    0.7366    0.0523    0.0614
   85.0000    2.8138    0.7623    0.9210   -0.7045   -0.5653    0.1741    0.7366    0.0524    0.0613
   86.0000    2.8368    0.7623    0.9208   -0.7045   -0.5636    0.1757    0.7366    0.0526    0.0612
   87.0000    2.8598    0.7623    0.9205   -0.7045   -0.5620    0.1773    0.7366    0.0528    0.0610
   88.0000    2.8828    0.7623    0.9204   -0.7045   -0.5603    0.1789    0.7366    0.0529    0.0610
   89.0000    2.9058    0.7623    0.9204   -0.7045   -0.5586    0.1805    0.7366    0.0528    0.0610
   90.0000    2.9288    0.7623    0.9210   -0.7045   -0.5566    0.1823    0.7366    0.0525    0.0613
   91.0000    2.9518    0.7623    0.9206   -0.7045   -0.5548    0.1841    0.7366    0.0527    0.0611
   92.0000    2.9749    0.7623    0.9204   -0.7045   -0.5529    0.1859    0.7366    0.0528    0.0610
   93.0000    2.9979    0.7623    0.9201   -0.7045   -0.5508    0.1879    0.7366    0.0530    0.0609
   94.0000    3.0209    0.7623    0.9198   -0.7045   -0.5486    0.1901    0.7366    0.0532    0.0607
   95.0000    3.0435    0.7623    0.9193   -0.7045   -0.5462    0.1924    0.7366    0.0536    0.0605
   96.0000    3.0657    0.7623    0.9191   -0.7045   -0.5435    0.1950    0.7366    0.0537    0.0604
   97.0000    3.0878    0.7623    0.9211   -0.7045   -0.5408    0.1975    0.7366    0.0523    0.0613
   98.0000    3.1096    0.7623    0.9215   -0.7045   -0.5382    0.1999    0.7366    0.0521    0.0615
   99.0000    3.1318    0.7623    0.9225   -0.7045   -0.5353    0.2025    0.7366    0.0514    0.0620
  100.0000    1.0000    0.7623    0.9233   -0.7045   -0.8098    0.0000    0.7366    0.0509    0.0623
