         t         g       g_N       g_I      g_hH      g_hL
    0.0000    4.4648    4.2036    4.2036    0.2612    0.2612
    1.0000    4.6152    4.2040    5.1070    0.4113    0.2703
    2.0000    4.6151    4.2039    5.1795    0.4113    0.2700
    3.0000    4.6149    4.2036    5.2086    0.4113    0.2690
    4.0000    4.6145    4.2036    5.2079    0.4110    0.2684
    5.0000    4.6147    4.2036    5.2089    0.4112    0.2668
    6.0000    4.6149    4.2036    5.2100    0.4113    0.2660
    7.0000    4.6144    4.2036    5.2052    0.4109    0.2651
    8.0000    4.6149    4.2036    5.2086    0.4113    0.2646
    9.0000    4.6148    4.2036    5.2033    0.4113    0.2658
   10.0000    4.6147    4.2036    5.2069    0.4111    0.2647
   11.0000    4.6148    4.2036    5.2083    0.4113    0.2621
   12.0000    4.6149    4.2036    5.1960    0.4113    0.2605
   13.0000    4.6148    4.2036    5.2092    0.4113    0.2603
   14.0000    4.6148    4.2036    5.1936    0.4112    0.2597
   15.0000    4.6148    4.2036    5.1971    0.4113    0.2579
   16.0000    4.6146    4.2036    5.2094    0.4110    0.2570
   17.0000    4.6145    4.2036    5.2046    0.4109    0.2565
   18.0000    4.6146    4.2036    5.2097    0.4111    0.2555
   19.0000    4.6132    4.2036    5.2093    0.4096    0.2523
   20.0000    4.6093    4.2041    5.2108    0.4052    0.2446
   21.0000    4.6023    4.2043    5.2105    0.3980    0.2365
   22.0000    4.6101    4.2129    5.2075    0.3972    0.2426
   23.0000    4.6146    4.2178    5.2067    0.3968    0.2464
   24.0000    4.6100    4.2332    5.2113    0.3767    0.2014
   25.0000    4.6192    4.2557    5.2113    0.3635    0.1935
   26.0000    4.6448    4.2895    5.2112    0.3554    0.2125
   27.0000    4.6846    4.3417    5.2113    0.3429    0.2062
   28.0000    4.7035    4.3726    5.2114    0.3309    0.2075
   29.0000    4.7550    4.4446    5.2114    0.3104    0.1987
   30.0000    4.8387    4.5368    5.2113    0.3019    0.1913
   31.0000    4.9057    4.6085    5.2100    0.2972    0.1933
   32.0000    4.9510    4.6828    5.2113    0.2682    0.1829
   33.0000    5.0399    4.7952    5.2114    0.2448    0.1748
   34.0000    5.0829    4.8440    5.2114    0.2389    0.1800
   35.0000    5.1664    4.9259    5.2085    0.2404    0.1849
   36.0000    5.2531    5.0107    5.2058    0.2423    0.1865
   37.0000    5.3283    5.0786    5.2060    0.2497    0.1913
   38.0000    5.3557    5.0987    5.2060    0.2570    0.2023
   39.0000    5.3314    5.0758    5.1751    0.2556    0.1988
   40.0000    5.3731    5.1248    5.1487    0.2482    0.1980
   41.0000    5.3640    5.1081    5.1319    0.2559    0.2067
   42.0000    5.4199    5.1815    4.8952    0.2385    0.1960
   43.0000    5.4443    5.2121    4.3982    0.2323    0.1856
   44.0000    5.4621    5.2122    4.6959    0.2500    0.1950
   45.0000    5.4593    5.2122    5.0860    0.2471    0.1831
   46.0000    5.4671    5.2122    5.1769    0.2550    0.1966
   47.0000    5.4750    5.2122    5.2122    0.2628    0.1905
   48.0000    5.4683    5.2122    5.1619    0.2561    0.1930
   49.0000    5.4763    5.2122    5.2122    0.2641    0.1961
   50.0000    5.4699    5.2122    5.2122    0.2578    0.1908
   51.0000    5.4637    5.2122    5.2122    0.2515    0.1923
   52.0000    5.4593    5.2122    5.2122    0.2472    0.1902
   53.0000    5.4526    5.2122    5.2122    0.2404    0.1845
   54.0000    5.4465    5.2122    5.2122    0.2344    0.1822
   55.0000    5.4331    5.2122    5.2122    0.2210    0.1751
   56.0000    5.4443    5.2122    5.2122    0.2321    0.1809
   57.0000    5.4446    5.2122    5.2122    0.2324    0.1939
   58.0000    5.4332    5.2122    5.2122    0.2210    0.1715
   59.0000    5.4450    5.2122    5.2122    0.2328    0.1887
   60.0000    5.4379    5.2122    5.2122    0.2257    0.1733
   61.0000    5.4328    5.2122    5.2122    0.2207    0.1745
   62.0000    5.4279    5.2122    5.2122    0.2158    0.1750
   63.0000    5.4363    5.2122    5.2122    0.2242    0.1772
   64.0000    5.4318    5.2122    5.2122    0.2197    0.1740
   65.0000    5.4401    5.2122    5.2122    0.2279    0.1793
   66.0000    5.4348    5.2122    5.2122    0.2226    0.1749
   67.0000    5.4394    5.2122    5.2122    0.2272    0.1740
   68.0000    5.4344    5.2122    5.2122    0.2222    0.1770
   69.0000    5.4292    5.2122    5.2122    0.2171    0.1832
   70.0000    5.4184    5.2122    5.2122    0.2063    0.1718
   71.0000    5.4254    5.2122    5.2122    0.2133    0.1790
   72.0000    5.4261    5.2122    5.2122    0.2139    0.1778
   73.0000    5.4331    5.2122    5.2122    0.2210    0.1860
   74.0000    5.4294    5.2122    5.2122    0.2173    0.1832
   75.0000    5.4210    5.2122    5.2122    0.2088    0.1710
   76.0000    5.4331    5.2122    5.2122    0.2209    0.1835
   77.0000    5.4283    5.2122    5.2122    0.2162    0.1867
   78.0000    5.4244    5.2122    5.2122    0.2122    0.1845
   79.0000    5.4185    5.2122    5.2122    0.2063    0.1771
   80.0000    5.4160    5.2122    5.2122    0.2038    0.1797
   81.0000    5.4103    5.2122    5.2122    0.1982    0.1627
   82.0000    5.4051    5.2122    5.2122    0.1929    0.1631
   83.0000    5.3965    5.2122    5.2122    0.1843    0.1578
   84.0000    5.3904    5.2122    5.2122    0.1782    0.1636
   85.0000    5.3861    5.2122    5.2122    0.1740    0.1620
   86.0000    5.3807    5.2122    5.2122    0.1685    0.1554
   87.0000    5.3784    5.2122    5.2122    0.1662    0.1662
   88.0000    5.3735    5.2122    5.2122    0.1613    0.1557
   89.0000    5.3857    5.2122    5.2122    0.1736    0.1568
   90.0000    5.4083    5.2122    5.2122    0.1961    0.1811
   91.0000    5.4006    5.2122    5.2122    0.1885    0.1794
   92.0000    5.4024    5.2122    5.2122    0.1903    0.1864
   93.0000    5.4186    5.2122    5.1634    0.2065    0.2001
   94.0000    5.4302    5.2073    4.8945    0.2228    0.2136
   95.0000    5.3580    5.1194    4.4332    0.2386    0.2309
   96.0000    5.3104    5.0453    4.2710    0.2651    0.2675
   97.0000    5.2588    4.9890    4.2363    0.2697    0.2454
   98.0000    5.2203    4.9575    4.2042    0.2629    0.2401
   99.0000    5.3041    5.0185    4.2231    0.2856    0.2581
  100.0000    5.4864    5.2122    5.2122    0.2743    0.2743
