         t         g       g_N       g_I      g_hH      g_hL
    0.0000    4.4648    4.2036    4.2036    0.2612    0.2612
    1.0000    4.4776    4.2036    5.1840    0.2741    0.2732
    2.0000    4.4777    4.2036    5.1731    0.2741    0.2726
    3.0000    4.4778    4.2036    5.1947    0.2742    0.2726
    4.0000    4.4809    4.2068    5.2094    0.2741    0.2721
    5.0000    4.4982    4.2240    5.2107    0.2742    0.2715
    6.0000    4.5128    4.2386    5.2101    0.2742    0.2709
    7.0000    4.5281    4.2540    5.2090    0.2742    0.2703
    8.0000    4.5431    4.2689    5.2086    0.2742    0.2695
    9.0000    4.5567    4.2825    5.2098    0.2742    0.2688
   10.0000    4.5711    4.2969    5.2059    0.2742    0.2678
   11.0000    4.5850    4.3108    5.2044    0.2741    0.2671
   12.0000    4.5963    4.3221    5.2047    0.2742    0.2665
   13.0000    4.6081    4.3339    5.2088    0.2742    0.2657
   14.0000    4.6185    4.3443    5.2080    0.2742    0.2646
   15.0000    4.6273    4.3531    5.2060    0.2742    0.2643
   16.0000    4.6397    4.3655    5.2010    0.2742    0.2642
   17.0000    4.6476    4.3734    5.2062    0.2742    0.2631
   18.0000    4.6509    4.3767    5.2014    0.2742    0.2628
   19.0000    4.6557    4.3815    5.2062    0.2742    0.2628
   20.0000    4.6595    4.3853    5.1926    0.2742    0.2628
   21.0000    4.6635    4.3893    5.2069    0.2742    0.2624
   22.0000    4.6666    4.3926    5.2073    0.2740    0.2625
   23.0000    4.6707    4.3965    5.2079    0.2742    0.2624
   24.0000    4.6740    4.3998    5.2094    0.2742    0.2624
   25.0000    4.6735    4.3993    5.2078    0.2742    0.2627
   26.0000    4.6758    4.4016    5.2088    0.2742    0.2622
   27.0000    4.6752    4.4010    5.2002    0.2741    0.2623
   28.0000    4.6754    4.4013    5.2093    0.2742    0.2622
   29.0000    4.6736    4.3995    5.2069    0.2741    0.2631
   30.0000    4.6746    4.4005    5.2074    0.2742    0.2628
   31.0000    4.6729    4.3990    5.2078    0.2739    0.2626
   32.0000    4.6742    4.4001    5.2083    0.2742    0.2622
   33.0000    4.6732    4.3991    5.2081    0.2741    0.2629
   34.0000    4.6718    4.3976    5.2066    0.2742    0.2626
   35.0000    4.6724    4.3982    5.2097    0.2742    0.2624
   36.0000    4.6727    4.3986    5.2087    0.2741    0.2627
   37.0000    4.6718    4.3977    5.2069    0.2741    0.2625
   38.0000    4.6720    4.3979    5.2051    0.2741    0.2625
   39.0000    4.6725    4.3983    5.2094    0.2742    0.2621
   40.0000    4.6728    4.3985    5.2097    0.2742    0.2621
   41.0000    4.6723    4.3981    5.2087    0.2742    0.2623
   42.0000    4.6724    4.3982    5.2073    0.2742    0.2624
   43.0000    4.6713    4.3972    5.2088    0.2741    0.2629
   44.0000    4.6742    4.4000    5.2089    0.2742    0.2623
   45.0000    4.6764    4.4023    5.2094    0.2742    0.2623
   46.0000    4.6780    4.4038    5.2066    0.2741    0.2626
   47.0000    4.6817    4.4075    5.2083    0.2742    0.2624
   48.0000    4.6857    4.4115    5.2094    0.2742    0.2625
   49.0000    4.6924    4.4182    5.2057    0.2742    0.2624
   50.0000    4.6996    4.4254    5.2091    0.2742    0.2624
   51.0000    4.7110    4.4368    5.2038    0.2742    0.2622
   52.0000    4.7238    4.4497    5.2087    0.2742    0.2623
   53.0000    4.7374    4.4632    5.2068    0.2742    0.2626
   54.0000    4.7564    4.4822    5.2086    0.2742    0.2630
   55.0000    4.7780    4.5038    5.2082    0.2742    0.2631
   56.0000    4.8044    4.5302    5.2096    0.2742    0.2624
   57.0000    4.8332    4.5594    5.2063    0.2738    0.2627
   58.0000    4.8651    4.5910    5.2087    0.2742    0.2624
   59.0000    4.8991    4.6250    5.2077    0.2741    0.2632
   60.0000    4.9394    4.6652    5.2077    0.2742    0.2622
   61.0000    4.9779    4.7037    5.2058    0.2742    0.2627
   62.0000    5.0217    4.7485    5.2095    0.2732    0.2625
   63.0000    5.0678    4.7937    5.2062    0.2741    0.2623
   64.0000    5.1145    4.8407    5.2065    0.2739    0.2625
   65.0000    5.1635    4.8904    5.2077    0.2732    0.2628
   66.0000    5.2134    4.9411    5.2082    0.2723    0.2624
   67.0000    5.2621    4.9931    5.2080    0.2690    0.2619
   68.0000    5.3049    5.0392    5.2069    0.2657    0.2621
   69.0000    5.3355    5.0725    5.2079    0.2630    0.2628
   70.0000    5.3609    5.0987    5.2038    0.2623    0.2649
   71.0000    5.3829    5.1211    5.2060    0.2618    0.2671
   72.0000    5.4039    5.1423    5.2019    0.2616    0.2687
   73.0000    5.4217    5.1601    5.1943    0.2616    0.2709
   74.0000    5.4395    5.1782    5.1905    0.2613    0.2725
   75.0000    5.4543    5.1930    5.1690    0.2613    0.2735
   76.0000    5.4656    5.2043    5.1200    0.2613    0.2737
   77.0000    5.4733    5.2120    4.9715    0.2614    0.2729
   78.0000    5.4735    5.2122    4.7100    0.2613    0.2732
   79.0000    5.4735    5.2122    4.5014    0.2613    0.2737
   80.0000    5.4735    5.2121    4.3507    0.2613    0.2736
   81.0000    5.4735    5.2121    4.2974    0.2613    0.2736
   82.0000    5.4735    5.2121    4.2774    0.2613    0.2733
   83.0000    5.4735    5.2121    4.2888    0.2614    0.2733
   84.0000    5.4735    5.2121    4.2729    0.2613    0.2736
   85.0000    5.4735    5.2121    4.2805    0.2613    0.2736
   86.0000    5.4735    5.2121    4.2879    0.2614    0.2736
   87.0000    5.4735    5.2121    4.3074    0.2613    0.2737
   88.0000    5.4735    5.2121    4.2853    0.2614    0.2736
   89.0000    5.4735    5.2121    4.2833    0.2613    0.2735
   90.0000    5.4735    5.2121    4.2857    0.2613    0.2725
   91.0000    5.4735    5.2121    4.2731    0.2613    0.2733
   92.0000    5.4735    5.2121    4.2708    0.2613    0.2727
   93.0000    5.4735    5.2121    4.2991    0.2613    0.2738
   94.0000    5.4734    5.2121    4.3015    0.2613    0.2734
   95.0000    5.4734    5.2121    4.2841    0.2613    0.2737
   96.0000    5.4735    5.2121    4.2807    0.2614    0.2733
   97.0000    5.4735    5.2121    4.2670    0.2614    0.2733
   98.0000    5.4735    5.2121    4.3075    0.2613    0.2736
   99.0000    5.4735    5.2121    4.2804    0.2613    0.2737
  100.0000    5.4864    5.2122    5.2122    0.2743    0.2743
