         t         y         k       L_H       L_L       c_H       c_L       V_H       V_L      V_HL
    0.0000    0.0497    0.1249    0.2292    0.6389    0.0371    0.0178 1121.8410 1042.1094    1.0902
    1.0000    0.0494    0.1249    0.2292    0.6389    0.0371    0.0178 1123.2128 1043.3837    1.0902
    2.0000    0.0491    0.1249    0.2292    0.6389    0.0371    0.0178 1124.5676 1044.6422    1.0902
    3.0000    0.0488    0.1249    0.2292    0.6389    0.0371    0.0178 1125.9070 1045.8864    1.0902
    4.0000    0.0485    0.1249    0.2292    0.6389    0.0371    0.0178 1127.2315 1047.1168    1.0902
    5.0000    0.0482    0.1247    0.2292    0.6389    0.0371    0.0178 1128.5393 1048.3316    1.0902
    6.0000    0.0478    0.1244    0.2292    0.6389    0.0371    0.0178 1129.8244 1049.5253    1.0902
    7.0000    0.0474    0.1238    0.2292    0.6389    0.0371    0.0178 1131.0720 1050.6843    1.0902
    8.0000    0.0469    0.1227    0.2292    0.6389    0.0371    0.0178 1132.2655 1051.7930    1.0902
    9.0000    0.0463    0.1210    0.2292    0.6389    0.0371    0.0178 1133.3830 1052.8311    1.0902
   10.0000    0.0456    0.1188    0.2292    0.6389    0.0371    0.0178 1134.4006 1053.7763    1.0902
   11.0000    0.0448    0.1161    0.2292    0.6389    0.0371    0.0178 1135.2949 1054.6070    1.0902
   12.0000    0.0440    0.1130    0.2292    0.6389    0.0371    0.0178 1136.0531 1055.3113    1.0902
   13.0000    0.0432    0.1099    0.2292    0.6389    0.0371    0.0178 1136.6684 1055.8830    1.0902
   14.0000    0.0423    0.1069    0.2292    0.6389    0.0371    0.0178 1137.1455 1056.3261    1.0902
   15.0000    0.0416    0.1043    0.2292    0.6389    0.0371    0.0178 1137.4980 1056.6536    1.0902
   16.0000    0.0408    0.1021    0.2292    0.6389    0.0371    0.0178 1137.7479 1056.8857    1.0902
   17.0000    0.0402    0.1004    0.2292    0.6389    0.0371    0.0178 1137.9172 1057.0429    1.0902
   18.0000    0.0398    0.0992    0.2292    0.6389    0.0371    0.0178 1138.0257 1057.1438    1.0902
   19.0000    0.0394    0.0984    0.2292    0.6389    0.0372    0.0178 1138.0934 1057.2067    1.0902
   20.0000    0.0392    0.0978    0.2292    0.6389    0.0372    0.0178 1138.1338 1057.2442    1.0902
   21.0000    0.0391    0.0975    0.2292    0.6389    0.0372    0.0178 1138.1570 1057.2657    1.0902
   22.0000    0.0390    0.0973    0.2292    0.6389    0.0372    0.0178 1138.1698 1057.2776    1.0902
   23.0000    0.0390    0.0972    0.2292    0.6389    0.0372    0.0178 1138.1767 1057.2841    1.0902
   24.0000    0.0389    0.0971    0.2292    0.6389    0.0372    0.0178 1138.1803 1057.2874    1.0902
   25.0000    0.0389    0.0971    0.2292    0.6389    0.0372    0.0178 1138.1821 1057.2890    1.0902
   26.0000    0.0389    0.0971    0.2292    0.6389    0.0372    0.0178 1138.1830 1057.2899    1.0902
   27.0000    0.0389    0.0971    0.2292    0.6389    0.0372    0.0178 1138.1836 1057.2904    1.0902
   28.0000    0.0389    0.0971    0.2292    0.6389    0.0372    0.0178 1138.1839 1057.2907    1.0902
   29.0000    0.0389    0.0971    0.2292    0.6389    0.0372    0.0178 1138.1841 1057.2909    1.0902
   30.0000    0.0389    0.0971    0.2292    0.6389    0.0372    0.0178 1138.1843 1057.2911    1.0902
   31.0000    0.0389    0.0971    0.2292    0.6389    0.0372    0.0178 1138.1845 1057.2913    1.0902
   32.0000    0.0389    0.0971    0.2292    0.6389    0.0372    0.0178 1138.1846 1057.2914    1.0902
   33.0000    0.0389    0.0971    0.2292    0.6389    0.0372    0.0178 1138.1848 1057.2915    1.0902
   34.0000    0.0389    0.0971    0.2292    0.6389    0.0372    0.0178 1138.1849 1057.2917    1.0902
   35.0000    0.0389    0.0971    0.2292    0.6389    0.0372    0.0178 1138.1851 1057.2919    1.0902
   36.0000    0.0389    0.0971    0.2292    0.6389    0.0372    0.0178 1138.1853 1057.2920    1.0902
   37.0000    0.0389    0.0971    0.2292    0.6389    0.0372    0.0178 1138.1855 1057.2922    1.0902
   38.0000    0.0389    0.0971    0.2292    0.6389    0.0372    0.0178 1138.1856 1057.2923    1.0902
   39.0000    0.0389    0.0971    0.2292    0.6389    0.0372    0.0178 1138.1859 1057.2925    1.0902
   40.0000    0.0389    0.0971    0.2292    0.6389    0.0372    0.0178 1138.1859 1057.2926    1.0902
   41.0000    0.0389    0.0971    0.2292    0.6389    0.0372    0.0178 1138.1860 1057.2927    1.0902
   42.0000    0.0389    0.0971    0.2292    0.6389    0.0372    0.0178 1138.1864 1057.2930    1.0902
   43.0000    0.0389    0.0971    0.2292    0.6389    0.0372    0.0178 1138.1865 1057.2932    1.0902
   44.0000    0.0389    0.0971    0.2292    0.6389    0.0372    0.0178 1138.1867 1057.2934    1.0902
   45.0000    0.0389    0.0971    0.2292    0.6389    0.0372    0.0178 1138.1869 1057.2935    1.0902
   46.0000    0.0389    0.0971    0.2292    0.6389    0.0372    0.0178 1138.1870 1057.2936    1.0902
   47.0000    0.0389    0.0971    0.2292    0.6389    0.0372    0.0178 1138.1872 1057.2937    1.0902
   48.0000    0.0389    0.0971    0.2292    0.6389    0.0372    0.0178 1138.1872 1057.2938    1.0902
   49.0000    0.0389    0.0971    0.2292    0.6389    0.0372    0.0178 1138.1875 1057.2940    1.0902
   50.0000    0.0389    0.0971    0.2292    0.6389    0.0372    0.0178 1138.1878 1057.2943    1.0902
   51.0000    0.0389    0.0971    0.2292    0.6389    0.0372    0.0178 1138.1878 1057.2944    1.0902
   52.0000    0.0389    0.0971    0.2292    0.6389    0.0372    0.0178 1138.1880 1057.2945    1.0902
   53.0000    0.0389    0.0971    0.2292    0.6389    0.0372    0.0178 1138.1882 1057.2947    1.0902
   54.0000    0.0389    0.0971    0.2292    0.6389    0.0372    0.0178 1138.1883 1057.2948    1.0902
   55.0000    0.0389    0.0971    0.2292    0.6389    0.0372    0.0178 1138.1884 1057.2949    1.0902
   56.0000    0.0389    0.0971    0.2292    0.6389    0.0372    0.0178 1138.1886 1057.2951    1.0902
   57.0000    0.0389    0.0971    0.2292    0.6389    0.0372    0.0178 1138.1887 1057.2952    1.0902
   58.0000    0.0389    0.0971    0.2292    0.6389    0.0372    0.0178 1138.1890 1057.2954    1.0902
   59.0000    0.0389    0.0971    0.2292    0.6389    0.0372    0.0178 1138.1891 1057.2956    1.0902
   60.0000    0.0389    0.0971    0.2292    0.6389    0.0372    0.0178 1138.1893 1057.2957    1.0902
   61.0000    0.0389    0.0971    0.2292    0.6389    0.0372    0.0178 1138.1895 1057.2959    1.0902
   62.0000    0.0389    0.0971    0.2292    0.6389    0.0372    0.0178 1138.1897 1057.2961    1.0902
   63.0000    0.0389    0.0971    0.2292    0.6389    0.0372    0.0178 1138.1899 1057.2963    1.0902
   64.0000    0.0389    0.0971    0.2292    0.6389    0.0372    0.0178 1138.1900 1057.2964    1.0902
   65.0000    0.0389    0.0971    0.2292    0.6389    0.0372    0.0178 1138.1901 1057.2965    1.0902
   66.0000    0.0389    0.0971    0.2292    0.6389    0.0372    0.0178 1138.1902 1057.2966    1.0902
   67.0000    0.0389    0.0971    0.2292    0.6389    0.0372    0.0178 1138.1905 1057.2968    1.0902
   68.0000    0.0389    0.0971    0.2292    0.6389    0.0372    0.0178 1138.1906 1057.2970    1.0902
   69.0000    0.0389    0.0971    0.2292    0.6389    0.0372    0.0178 1138.1908 1057.2971    1.0902
   70.0000    0.0389    0.0971    0.2292    0.6389    0.0372    0.0178 1138.1909 1057.2972    1.0902
   71.0000    0.0389    0.0971    0.2292    0.6389    0.0372    0.0178 1138.1911 1057.2974    1.0902
   72.0000    0.0389    0.0971    0.2292    0.6389    0.0372    0.0178 1138.1912 1057.2975    1.0902
   73.0000    0.0389    0.0971    0.2292    0.6389    0.0372    0.0178 1138.1914 1057.2977    1.0902
   74.0000    0.0389    0.0971    0.2292    0.6389    0.0372    0.0178 1138.1915 1057.2978    1.0902
   75.0000    0.0389    0.0971    0.2292    0.6389    0.0372    0.0178 1138.1917 1057.2979    1.0902
   76.0000    0.0389    0.0971    0.2292    0.6389    0.0372    0.0178 1138.1917 1057.2980    1.0902
   77.0000    0.0389    0.0971    0.2292    0.6389    0.0372    0.0178 1138.1919 1057.2982    1.0902
   78.0000    0.0389    0.0971    0.2292    0.6389    0.0372    0.0178 1138.1921 1057.2984    1.0902
   79.0000    0.0389    0.0971    0.2292    0.6389    0.0372    0.0178 1138.1923 1057.2985    1.0902
   80.0000    0.0389    0.0971    0.2292    0.6389    0.0372    0.0178 1138.1924 1057.2986    1.0902
   81.0000    0.0389    0.0971    0.2292    0.6389    0.0372    0.0178 1138.1926 1057.2988    1.0902
   82.0000    0.0389    0.0971    0.2292    0.6389    0.0372    0.0178 1138.1927 1057.2989    1.0902
   83.0000    0.0389    0.0971    0.2292    0.6389    0.0372    0.0178 1138.1928 1057.2990    1.0902
   84.0000    0.0389    0.0971    0.2292    0.6389    0.0372    0.0178 1138.1930 1057.2991    1.0902
   85.0000    0.0389    0.0971    0.2292    0.6389    0.0372    0.0178 1138.1930 1057.2992    1.0902
   86.0000    0.0389    0.0971    0.2292    0.6389    0.0372    0.0178 1138.1931 1057.2993    1.0902
   87.0000    0.0389    0.0971    0.2292    0.6389    0.0372    0.0178 1138.1933 1057.2994    1.0902
   88.0000    0.0389    0.0971    0.2292    0.6389    0.0372    0.0178 1138.1934 1057.2995    1.0902
   89.0000    0.0389    0.0971    0.2292    0.6389    0.0372    0.0178 1138.1935 1057.2996    1.0902
   90.0000    0.0389    0.0971    0.2292    0.6389    0.0372    0.0178 1138.1935 1057.2997    1.0902
   91.0000    0.0389    0.0971    0.2292    0.6389    0.0372    0.0178 1138.1936 1057.2998    1.0902
   92.0000    0.0389    0.0971    0.2292    0.6389    0.0372    0.0178 1138.1939 1057.3000    1.0902
   93.0000    0.0389    0.0971    0.2292    0.6389    0.0372    0.0178 1138.1940 1057.3001    1.0902
   94.0000    0.0389    0.0971    0.2292    0.6389    0.0372    0.0178 1138.1941 1057.3002    1.0902
   95.0000    0.0389    0.0971    0.2292    0.6389    0.0372    0.0178 1138.1942 1057.3003    1.0902
   96.0000    0.0389    0.0971    0.2292    0.6389    0.0372    0.0178 1138.1945 1057.3005    1.0902
   97.0000    0.0389    0.0971    0.2292    0.6389    0.0372    0.0178 1138.1946 1057.3006    1.0902
   98.0000    0.0389    0.0971    0.2292    0.6389    0.0372    0.0178 1138.1947 1057.3008    1.0902
   99.0000    0.0389    0.0971    0.2292    0.6389    0.0372    0.0178 1138.1948 1057.3008    1.0902
  100.0000    0.0389    0.0971    0.2292    0.6389    0.0372    0.0178 1138.1949 1057.3010    1.0902
