    number     Model      flag   I_tilde   S_tilde      h_HL       Eta   Gamma_H   Gamma_L         r       w_H       w_L      w_HL      s_LH      s_LL       s_L
         1         3         1    0.7538    0.9279   -0.7180    0.7273    0.0477    0.0689    0.0603    0.0305    0.0193    1.5775    0.2695    0.3264    0.5959
         2         3         1    0.7500    0.9270   -0.7178    0.7232    0.0483    0.0700    0.0604    0.0308    0.0195    1.5760    0.2700    0.3279    0.5979
         3         3         1    0.7462    0.9260   -0.7176    0.7190    0.0490    0.0711    0.0604    0.0311    0.0197    1.5745    0.2706    0.3295    0.6001
         4         3         1    0.7422    0.9250   -0.7174    0.7146    0.0496    0.0723    0.0604    0.0314    0.0199    1.5729    0.2712    0.3311    0.6022
         5         3         1    0.7380    0.9240   -0.7171    0.7101    0.0503    0.0735    0.0604    0.0317    0.0202    1.5712    0.2718    0.3327    0.6045
         6         3         1    0.7337    0.9230   -0.7169    0.7055    0.0510    0.0747    0.0604    0.0320    0.0204    1.5695    0.2724    0.3345    0.6068
         7         3         1    0.7293    0.9219   -0.7167    0.7007    0.0518    0.0760    0.0604    0.0323    0.0206    1.5678    0.2730    0.3362    0.6092
         8         3         1    0.7247    0.9208   -0.7164    0.6958    0.0525    0.0773    0.0605    0.0326    0.0208    1.5660    0.2737    0.3381    0.6117
         9         3         1    0.7200    0.9197   -0.7162    0.6906    0.0533    0.0787    0.0605    0.0330    0.0211    1.5642    0.2743    0.3400    0.6143
        10         3         1    0.7151    0.9186   -0.7159    0.6853    0.0541    0.0801    0.0605    0.0333    0.0213    1.5623    0.2750    0.3420    0.6170
        11         3         1    0.7100    0.9174   -0.7156    0.6798    0.0549    0.0815    0.0605    0.0336    0.0215    1.5604    0.2758    0.3440    0.6198
        12         3         1    0.7047    0.9161   -0.7154    0.6741    0.0558    0.0830    0.0606    0.0340    0.0218    1.5584    0.2765    0.3461    0.6227
        13         3         1    0.6992    0.9149   -0.7151    0.6682    0.0567    0.0846    0.0606    0.0343    0.0220    1.5563    0.2773    0.3484    0.6257
        14         3         1    0.6935    0.9135   -0.7148    0.6620    0.0576    0.0862    0.0606    0.0347    0.0223    1.5542    0.2781    0.3507    0.6288
        15         3         1    0.6875    0.9122   -0.7145    0.6556    0.0585    0.0879    0.0606    0.0350    0.0226    1.5520    0.2790    0.3530    0.6320
        16         3         1    0.6813    0.9108   -0.7141    0.6490    0.0595    0.0897    0.0607    0.0354    0.0228    1.5497    0.2799    0.3555    0.6354
        17         3         1    0.6748    0.9093   -0.7138    0.6420    0.0605    0.0915    0.0607    0.0358    0.0231    1.5474    0.2808    0.3581    0.6389
        18         3         1    0.6681    0.9078   -0.7135    0.6348    0.0615    0.0934    0.0607    0.0361    0.0234    1.5450    0.2817    0.3609    0.6426
        19         3         1    0.6610    0.9063   -0.7131    0.6272    0.0626    0.0954    0.0608    0.0365    0.0237    1.5425    0.2827    0.3637    0.6464
        20         3         1    0.6536    0.9046   -0.7127    0.6193    0.0637    0.0975    0.0608    0.0369    0.0240    1.5399    0.2838    0.3667    0.6505
        21         3         1    0.6459    0.9030   -0.7124    0.6110    0.0648    0.0996    0.0608    0.0373    0.0243    1.5372    0.2849    0.3698    0.6547
        22         3         1    0.6377    0.9012   -0.7120    0.6024    0.0660    0.1019    0.0608    0.0377    0.0246    1.5344    0.2860    0.3731    0.6591
        23         3         1    0.6292    0.8994   -0.7115    0.5933    0.0672    0.1043    0.0609    0.0381    0.0249    1.5315    0.2872    0.3765    0.6637
        24         3         1    0.6202    0.8975   -0.7111    0.5837    0.0685    0.1067    0.0609    0.0385    0.0252    1.5285    0.2885    0.3801    0.6686
        25         3         1    0.6107    0.8955   -0.7107    0.5737    0.0698    0.1093    0.0610    0.0390    0.0255    1.5254    0.2898    0.3839    0.6737
        26         3         1    0.6007    0.8935   -0.7102    0.5631    0.0712    0.1121    0.0610    0.0394    0.0259    1.5222    0.2912    0.3879    0.6792
        27         3         1    0.5900    0.8913   -0.7097    0.5519    0.0727    0.1150    0.0610    0.0398    0.0262    1.5188    0.2927    0.3922    0.6849
        28         3         1    0.5788    0.8891   -0.7092    0.5400    0.0742    0.1180    0.0611    0.0402    0.0266    1.5153    0.2943    0.3967    0.6910
        29         3         1    0.5668    0.8867   -0.7086    0.5274    0.0758    0.1212    0.0611    0.0407    0.0269    1.5116    0.2959    0.4015    0.6975
        30         3         1    0.5540    0.8842   -0.7081    0.5141    0.0775    0.1246    0.0612    0.0411    0.0273    1.5077    0.2977    0.4067    0.7044
        31         3         1    0.5404    0.8816   -0.7075    0.4998    0.0792    0.1283    0.0612    0.0416    0.0277    1.5036    0.2996    0.4122    0.7117
        32         3         1    0.7619    0.9321   -0.7808    0.7360    0.0447    0.0720    0.0615    0.0297    0.0199    1.4895    0.2644    0.3299    0.5943
        33         3         1    0.7697    0.9362   -0.8432    0.7446    0.0419    0.0751    0.0628    0.0289    0.0206    1.4066    0.2593    0.3335    0.5928
        34         3         1    0.7774    0.9401   -0.9051    0.7530    0.0392    0.0783    0.0640    0.0281    0.0212    1.3287    0.2543    0.3373    0.5915
        35         3         1    0.7850    0.9438   -0.9666    0.7613    0.0366    0.0816    0.0653    0.0273    0.0218    1.2554    0.2494    0.3410    0.5904
        36         3         1    0.7924    0.9475   -1.0277    0.7694    0.0341    0.0848    0.0666    0.0265    0.0224    1.1864    0.2445    0.3449    0.5894
        37         3         1    0.7997    0.9509   -1.0882    0.7774    0.0317    0.0881    0.0679    0.0257    0.0229    1.1216    0.2397    0.3488    0.5885
        38         3         1    0.8069    0.9542   -1.1483    0.7853    0.0294    0.0913    0.0692    0.0249    0.0235    1.0606    0.2350    0.3527    0.5877
        39         3         1    0.8140    0.9574   -1.2079    0.7930    0.0272    0.0945    0.0706    0.0241    0.0240    1.0033    0.2304    0.3566    0.5870
        40         3         1    0.8209    0.9604   -1.2670    0.8007    0.0252    0.0976    0.0720    0.0232    0.0245    0.9493    0.2259    0.3605    0.5864
        41         3         1    0.8278    0.9632   -1.3256    0.8082    0.0232    0.1006    0.0734    0.0224    0.0249    0.8985    0.2216    0.3644    0.5859
        42         3         1    0.8346    0.9659   -1.3836    0.8157    0.0214    0.1035    0.0748    0.0216    0.0253    0.8507    0.2173    0.3682    0.5855
        43         3         1    0.8412    0.9685   -1.4412    0.8230    0.0196    0.1063    0.0762    0.0207    0.0257    0.8057    0.2132    0.3720    0.5852
        44         3         1    0.8478    0.9709   -1.4982    0.8302    0.0180    0.1089    0.0776    0.0199    0.0261    0.7634    0.2092    0.3758    0.5850
        45         3         1    0.8542    0.9731   -1.5547    0.8373    0.0165    0.1113    0.0791    0.0191    0.0263    0.7235    0.2053    0.3795    0.5849
        46         3         1    0.8606    0.9753   -1.6106    0.8443    0.0151    0.1135    0.0805    0.0182    0.0266    0.6860    0.2016    0.3832    0.5848
        47         3         1    0.8668    0.9773   -1.6660    0.8512    0.0137    0.1155    0.0820    0.0174    0.0267    0.6507    0.1980    0.3868    0.5848
        48         3         1    0.8728    0.9791   -1.7207    0.8579    0.0125    0.1172    0.0835    0.0166    0.0269    0.6176    0.1946    0.3902    0.5848
        49         3         1    0.8788    0.9808   -1.7747    0.8645    0.0114    0.1186    0.0849    0.0158    0.0269    0.5863    0.1913    0.3936    0.5850
        50         3         1    0.8846    0.9824   -1.8281    0.8709    0.0103    0.1198    0.0864    0.0150    0.0269    0.5570    0.1882    0.3969    0.5851
        51         3         1    0.8902    0.9839   -1.8807    0.8772    0.0094    0.1207    0.0878    0.0142    0.0269    0.5294    0.1852    0.4001    0.5853
        52         3         1    0.8957    0.9853   -1.9325    0.8833    0.0085    0.1212    0.0893    0.0135    0.0268    0.5036    0.1824    0.4032    0.5856
        53         3         1    0.9010    0.9865   -1.9835    0.8891    0.0077    0.1215    0.0907    0.0128    0.0266    0.4793    0.1797    0.4061    0.5858
        54         3         1    0.9060    0.9877   -2.0335    0.8948    0.0070    0.1216    0.0920    0.0121    0.0264    0.4566    0.1773    0.4089    0.5861
        55         3         1    0.9109    0.9887   -2.0826    0.9002    0.0063    0.1213    0.0934    0.0114    0.0262    0.4353    0.1749    0.4116    0.5865
        56         3         1    0.9155    0.9897   -2.1307    0.9054    0.0057    0.1208    0.0947    0.0108    0.0259    0.4153    0.1727    0.4141    0.5868
        57         3         1    0.9200    0.9905   -2.1778    0.9103    0.0052    0.1201    0.0959    0.0102    0.0256    0.3967    0.1707    0.4164    0.5872
        58         3         1    0.9241    0.9913   -2.2237    0.9149    0.0047    0.1193    0.0971    0.0096    0.0253    0.3792    0.1688    0.4187    0.5875
        59         3         1    0.9281    0.9920   -2.2686    0.9194    0.0043    0.1182    0.0982    0.0090    0.0249    0.3629    0.1671    0.4208    0.5879
        60         3         1    0.9318    0.9926   -2.3122    0.9235    0.0039    0.1170    0.0993    0.0085    0.0245    0.3477    0.1655    0.4227    0.5882
        61         3         1    0.9353    0.9932   -2.3547    0.9274    0.0036    0.1157    0.1004    0.0080    0.0241    0.3335    0.1640    0.4245    0.5885
