    number     Model      flag     share              deepen                 gap              log(w)
         1         3         1   -0.0550    0.0012   -0.0121    0.0030    0.9523    0.1105    0.1320
         2         3         1   -0.0563    0.0013   -0.0123    0.0030    0.9518    0.1104    0.1322
         3         3         1   -0.0576    0.0014   -0.0126    0.0030    0.9512    0.1103    0.1325
         4         3         1   -0.0590    0.0015   -0.0128    0.0030    0.9506    0.1102    0.1328
         5         3         1   -0.0605    0.0017   -0.0131    0.0030    0.9501    0.1101    0.1331
         6         3         1   -0.0620    0.0018   -0.0134    0.0030    0.9495    0.1100    0.1334
         7         3         1   -0.0636    0.0020   -0.0137    0.0030    0.9488    0.1099    0.1337
         8         3         1   -0.0652    0.0022   -0.0140    0.0030    0.9482    0.1097    0.1340
         9         3         1   -0.0669    0.0024   -0.0143    0.0030    0.9476    0.1096    0.1344
        10         3         1   -0.0687    0.0026   -0.0146    0.0030    0.9469    0.1095    0.1347
        11         3         1   -0.0705    0.0028   -0.0149    0.0030    0.9462    0.1094    0.1351
        12         3         1   -0.0724    0.0030   -0.0153    0.0029    0.9455    0.1092    0.1355
        13         3         1   -0.0744    0.0033   -0.0156    0.0029    0.9448    0.1091    0.1359
        14         3         1   -0.0765    0.0035   -0.0160    0.0029    0.9441    0.1089    0.1363
        15         3         1   -0.0787    0.0038   -0.0164    0.0028    0.9433    0.1088    0.1367
        16         3         1   -0.0809    0.0041   -0.0167    0.0028    0.9425    0.1086    0.1372
        17         3         1   -0.0833    0.0045   -0.0171    0.0027    0.9417    0.1085    0.1377
        18         3         1   -0.0857    0.0049   -0.0176    0.0026    0.9409    0.1083    0.1382
        19         3         1   -0.0883    0.0053   -0.0180    0.0025    0.9401    0.1081    0.1387
        20         3         1   -0.0910    0.0057   -0.0184    0.0024    0.9392    0.1079    0.1393
        21         3         1   -0.0938    0.0062   -0.0189    0.0023    0.9383    0.1077    0.1398
        22         3         1   -0.0967    0.0067   -0.0193    0.0021    0.9374    0.1075    0.1405
        23         3         1   -0.0998    0.0073   -0.0198    0.0020    0.9364    0.1073    0.1411
        24         3         1   -0.1030    0.0079   -0.0203    0.0018    0.9354    0.1071    0.1418
        25         3         1   -0.1064    0.0086   -0.0209    0.0015    0.9344    0.1069    0.1425
        26         3         1   -0.1100    0.0094   -0.0214    0.0013    0.9334    0.1066    0.1433
        27         3         1   -0.1137    0.0102   -0.0219    0.0010    0.9323    0.1064    0.1441
        28         3         1   -0.1177    0.0111   -0.0225    0.0006    0.9312    0.1061    0.1450
        29         3         1   -0.1218    0.0121   -0.0231    0.0002    0.9300    0.1058    0.1460
        30         3         1   -0.1262    0.0133   -0.0237   -0.0003    0.9288    0.1055    0.1470
        31         3         1   -0.1308    0.0145   -0.0243   -0.0009    0.9276    0.1052    0.1480
        32         3         1   -0.0492    0.0009   -0.0108    0.0029    0.9550    0.0970    0.1177
        33         3         1   -0.0439    0.0008   -0.0097    0.0028    0.9577    0.0834    0.1033
        34         3         1   -0.0389    0.0006   -0.0086    0.0028    0.9603    0.0695    0.0888
        35         3         1   -0.0344    0.0005   -0.0076    0.0027    0.9629    0.0557    0.0743
        36         3         1   -0.0302    0.0003   -0.0067    0.0025    0.9655    0.0417    0.0598
        37         3         1   -0.0264    0.0002   -0.0058    0.0024    0.9679    0.0279    0.0453
        38         3         1   -0.0230    0.0002   -0.0051    0.0023    0.9703    0.0142    0.0310
        39         3         1   -0.0199    0.0001   -0.0044    0.0021    0.9726    0.0007    0.0169
        40         3         1   -0.0172    0.0001   -0.0038    0.0019    0.9748   -0.0126    0.0031
        41         3         1   -0.0147    0.0000   -0.0032    0.0018    0.9769   -0.0255   -0.0104
        42         3         1   -0.0126    0.0000   -0.0028    0.0016    0.9789   -0.0379   -0.0234
        43         3         1   -0.0107   -0.0000   -0.0024    0.0015    0.9807   -0.0497   -0.0359
        44         3         1   -0.0091   -0.0000   -0.0020    0.0013    0.9824   -0.0609   -0.0477
        45         3         1   -0.0077   -0.0000   -0.0017    0.0012    0.9840   -0.0712   -0.0587
        46         3         1   -0.0065   -0.0000   -0.0014    0.0010    0.9855   -0.0806   -0.0688
        47         3         1   -0.0055   -0.0000   -0.0012    0.0009    0.9868   -0.0889   -0.0779
        48         3         1   -0.0047   -0.0000   -0.0010    0.0008    0.9879   -0.0961   -0.0858
        49         3         1   -0.0040   -0.0000   -0.0009    0.0007    0.9890   -0.1021   -0.0925
        50         3         1   -0.0034   -0.0000   -0.0007    0.0006    0.9899   -0.1069   -0.0981
        51         3         1   -0.0029   -0.0000   -0.0006    0.0005    0.9908   -0.1104   -0.1024
        52         3         1   -0.0025   -0.0000   -0.0005    0.0005    0.9915   -0.1128   -0.1055
        53         3         1   -0.0022   -0.0000   -0.0005    0.0004    0.9922   -0.1142   -0.1075
        54         3         1   -0.0019   -0.0000   -0.0004    0.0003    0.9927   -0.1145   -0.1085
        55         3         1   -0.0016   -0.0000   -0.0004    0.0003    0.9933   -0.1140   -0.1086
        56         3         1   -0.0014   -0.0000   -0.0003    0.0003    0.9937   -0.1128   -0.1079
        57         3         1   -0.0013   -0.0000   -0.0003    0.0002    0.9941   -0.1109   -0.1065
        58         3         1   -0.0011   -0.0000   -0.0002    0.0002    0.9945   -0.1085   -0.1047
        59         3         1   -0.0010   -0.0000   -0.0002    0.0002    0.9948   -0.1058   -0.1024
        60         3         1   -0.0009   -0.0000   -0.0002    0.0002    0.9951   -0.1028   -0.0997
        61         3         1   -0.0008   -0.0000   -0.0002    0.0001    0.9954   -0.0996   -0.0969
