         t         N         I         S      h_HL       h_H       h_L       Eta   Gamma_H   Gamma_L
    0.0000    1.0000    0.6818    0.9068   -0.8098   -0.8098    0.0000    0.6495    0.0622    0.0963
    1.0000    1.0186    0.6941    0.9176   -0.8089   -0.8060    0.0028    0.6627    0.0547    0.0967
    2.0000    1.0371    0.7077    0.9213   -0.8078   -0.8022    0.0056    0.6773    0.0522    0.0925
    3.0000    1.0557    0.7214    0.9245   -0.8068   -0.7983    0.0084    0.6922    0.0500    0.0880
    4.0000    1.0742    0.7352    0.9278   -0.8057   -0.7945    0.0111    0.7071    0.0477    0.0836
    5.0000    1.0928    0.7488    0.9311   -0.8046   -0.7907    0.0138    0.7219    0.0454    0.0791
    6.0000    1.1113    0.7623    0.9344   -0.8034   -0.7868    0.0164    0.7366    0.0431    0.0747
    7.0000    1.1299    0.7623    0.9343   -0.8022   -0.7830    0.0191    0.7366    0.0432    0.0745
    8.0000    1.1485    0.7623    0.9343   -0.8011   -0.7792    0.0217    0.7366    0.0432    0.0744
    9.0000    1.1670    0.7623    0.9343   -0.7999   -0.7753    0.0244    0.7366    0.0432    0.0743
   10.0000    1.1856    0.7623    0.9343   -0.7987   -0.7715    0.0270    0.7366    0.0432    0.0742
   11.0000    1.2041    0.7623    0.9343   -0.7976   -0.7677    0.0297    0.7366    0.0432    0.0741
   12.0000    1.2227    0.7623    0.9342   -0.7964   -0.7638    0.0324    0.7366    0.0433    0.0740
   13.0000    1.2413    0.7623    0.9343   -0.7952   -0.7600    0.0350    0.7366    0.0433    0.0739
   14.0000    1.2598    0.7623    0.9342   -0.7940   -0.7562    0.0377    0.7366    0.0433    0.0738
   15.0000    1.2784    0.7623    0.9342   -0.7928   -0.7523    0.0403    0.7366    0.0433    0.0737
   16.0000    1.2969    0.7623    0.9341   -0.7917   -0.7485    0.0430    0.7366    0.0433    0.0736
   17.0000    1.3155    0.7623    0.9341   -0.7905   -0.7446    0.0456    0.7366    0.0434    0.0735
   18.0000    1.3340    0.7623    0.9341   -0.7893   -0.7408    0.0483    0.7366    0.0434    0.0734
   19.0000    1.3526    0.7623    0.9341   -0.7881   -0.7370    0.0510    0.7366    0.0434    0.0733
   20.0000    1.3712    0.7623    0.9340   -0.7870   -0.7331    0.0536    0.7366    0.0434    0.0732
   21.0000    1.3897    0.7623    0.9339   -0.7858   -0.7293    0.0563    0.7366    0.0435    0.0731
   22.0000    1.4083    0.7623    0.9339   -0.7846   -0.7255    0.0590    0.7366    0.0435    0.0730
   23.0000    1.4268    0.7623    0.9340   -0.7834   -0.7216    0.0616    0.7366    0.0434    0.0729
   24.0000    1.4454    0.7623    0.9339   -0.7821   -0.7178    0.0643    0.7366    0.0435    0.0728
   25.0000    1.4639    0.7623    0.9339   -0.7808   -0.7139    0.0669    0.7366    0.0435    0.0727
   26.0000    1.4825    0.7623    0.9338   -0.7794   -0.7101    0.0696    0.7366    0.0436    0.0725
   27.0000    1.5011    0.7623    0.9338   -0.7780   -0.7063    0.0723    0.7366    0.0436    0.0724
   28.0000    1.5196    0.7623    0.9338   -0.7763   -0.7024    0.0750    0.7366    0.0436    0.0723
   29.0000    1.5382    0.7623    0.9337   -0.7744   -0.6986    0.0776    0.7366    0.0436    0.0722
   30.0000    1.5567    0.7623    0.9336   -0.7723   -0.6948    0.0803    0.7366    0.0437    0.0720
   31.0000    1.5753    0.7623    0.9336   -0.7698   -0.6909    0.0830    0.7366    0.0437    0.0718
   32.0000    1.5939    0.7623    0.9336   -0.7669   -0.6871    0.0856    0.7366    0.0437    0.0716
   33.0000    1.6124    0.7623    0.9335   -0.7636   -0.6832    0.0883    0.7366    0.0438    0.0713
   34.0000    1.6310    0.7623    0.9334   -0.7598   -0.6794    0.0910    0.7366    0.0439    0.0709
   35.0000    1.6496    0.7623    0.9333   -0.7556   -0.6756    0.0936    0.7366    0.0439    0.0706
   36.0000    1.6682    0.7623    0.9333   -0.7509   -0.6717    0.0963    0.7366    0.0439    0.0703
   37.0000    1.6871    0.7623    0.9332   -0.7459   -0.6679    0.0990    0.7366    0.0440    0.0698
   38.0000    1.7064    0.7623    0.9332   -0.7407   -0.6641    0.1016    0.7366    0.0440    0.0695
   39.0000    1.7263    0.7623    0.9321   -0.7355   -0.6604    0.1041    0.7366    0.0447    0.0686
   40.0000    1.7466    0.7623    0.9311   -0.7306   -0.6569    0.1066    0.7366    0.0455    0.0678
   41.0000    1.7673    0.7623    0.9292   -0.7261   -0.6535    0.1091    0.7366    0.0467    0.0666
   42.0000    1.7881    0.7623    0.9277   -0.7222   -0.6500    0.1119    0.7366    0.0478    0.0656
   43.0000    1.8096    0.7623    0.9268   -0.7187   -0.6468    0.1146    0.7366    0.0484    0.0649
   44.0000    1.8313    0.7623    0.9247   -0.7156   -0.6436    0.1174    0.7366    0.0499    0.0637
   45.0000    1.8529    0.7623    0.9243   -0.7129   -0.6404    0.1203    0.7366    0.0501    0.0634
   46.0000    1.8744    0.7623    0.9246   -0.7105   -0.6370    0.1232    0.7366    0.0500    0.0633
   47.0000    1.8959    0.7623    0.9236   -0.7085   -0.6338    0.1262    0.7366    0.0506    0.0627
   48.0000    1.9173    0.7623    0.9238   -0.7069   -0.6305    0.1292    0.7366    0.0505    0.0627
   49.0000    1.9391    0.7623    0.9240   -0.7058   -0.6273    0.1322    0.7366    0.0504    0.0627
   50.0000    1.9612    0.7623    0.9229   -0.7050   -0.6241    0.1353    0.7366    0.0511    0.0622
   51.0000    1.9840    0.7623    0.9232   -0.7047   -0.6211    0.1382    0.7366    0.0509    0.0623
   52.0000    2.0070    0.7623    0.9233   -0.7046   -0.6184    0.1409    0.7366    0.0509    0.0623
   53.0000    2.0300    0.7623    0.9233   -0.7046   -0.6157    0.1437    0.7366    0.0509    0.0623
   54.0000    2.0530    0.7623    0.9233   -0.7045   -0.6129    0.1464    0.7366    0.0509    0.0623
   55.0000    2.0760    0.7623    0.9233   -0.7045   -0.6102    0.1491    0.7366    0.0509    0.0623
   56.0000    2.0991    0.7623    0.9233   -0.7045   -0.6074    0.1519    0.7366    0.0509    0.0623
   57.0000    2.1221    0.7623    0.9233   -0.7045   -0.6047    0.1546    0.7366    0.0509    0.0623
   58.0000    2.1451    0.7623    0.9233   -0.7045   -0.6019    0.1574    0.7366    0.0509    0.0623
   59.0000    2.1681    0.7623    0.9233   -0.7045   -0.5992    0.1601    0.7366    0.0509    0.0623
   60.0000    2.1911    0.7623    0.9233   -0.7045   -0.5965    0.1629    0.7366    0.0509    0.0623
   61.0000    2.2141    0.7623    0.9233   -0.7045   -0.5937    0.1656    0.7366    0.0509    0.0623
   62.0000    2.2371    0.7623    0.9233   -0.7045   -0.5910    0.1683    0.7366    0.0509    0.0623
   63.0000    2.2601    0.7623    0.9233   -0.7045   -0.5882    0.1711    0.7366    0.0509    0.0623
   64.0000    2.2831    0.7623    0.9233   -0.7045   -0.5855    0.1738    0.7366    0.0509    0.0623
   65.0000    2.3061    0.7623    0.9233   -0.7045   -0.5827    0.1766    0.7366    0.0509    0.0623
   66.0000    2.3292    0.7623    0.9233   -0.7045   -0.5800    0.1793    0.7366    0.0509    0.0623
   67.0000    2.3522    0.7623    0.9233   -0.7045   -0.5773    0.1821    0.7366    0.0509    0.0623
   68.0000    2.3752    0.7623    0.9233   -0.7045   -0.5745    0.1848    0.7366    0.0509    0.0623
   69.0000    2.3982    0.7623    0.9233   -0.7045   -0.5718    0.1875    0.7366    0.0509    0.0623
   70.0000    2.4212    0.7623    0.9233   -0.7045   -0.5690    0.1903    0.7366    0.0509    0.0623
   71.0000    2.4442    0.7623    0.9233   -0.7045   -0.5663    0.1930    0.7366    0.0509    0.0623
   72.0000    2.4672    0.7623    0.9233   -0.7045   -0.5635    0.1958    0.7366    0.0509    0.0623
   73.0000    2.4902    0.7623    0.9233   -0.7045   -0.5608    0.1985    0.7366    0.0509    0.0623
   74.0000    2.5132    0.7623    0.9233   -0.7045   -0.5581    0.2013    0.7366    0.0509    0.0623
   75.0000    2.5363    0.7623    0.9233   -0.7045   -0.5553    0.2040    0.7366    0.0509    0.0623
   76.0000    2.5593    0.7623    0.9233   -0.7045   -0.5526    0.2067    0.7366    0.0509    0.0623
   77.0000    2.5823    0.7623    0.9233   -0.7045   -0.5498    0.2095    0.7366    0.0509    0.0623
   78.0000    2.6053    0.7623    0.9233   -0.7045   -0.5471    0.2122    0.7366    0.0509    0.0623
   79.0000    2.6283    0.7623    0.9233   -0.7045   -0.5443    0.2150    0.7366    0.0509    0.0623
   80.0000    2.6513    0.7623    0.9233   -0.7045   -0.5416    0.2177    0.7366    0.0509    0.0623
   81.0000    2.6743    0.7623    0.9233   -0.7045   -0.5389    0.2205    0.7366    0.0509    0.0623
   82.0000    2.6973    0.7623    0.9233   -0.7045   -0.5361    0.2232    0.7366    0.0509    0.0623
   83.0000    2.7203    0.7623    0.9233   -0.7045   -0.5334    0.2259    0.7366    0.0509    0.0623
   84.0000    2.7434    0.7623    0.9233   -0.7045   -0.5306    0.2287    0.7366    0.0509    0.0623
   85.0000    2.7664    0.7623    0.9233   -0.7045   -0.5279    0.2314    0.7366    0.0509    0.0623
   86.0000    2.7894    0.7623    0.9233   -0.7045   -0.5251    0.2342    0.7366    0.0509    0.0623
   87.0000    2.8124    0.7623    0.9233   -0.7045   -0.5224    0.2369    0.7366    0.0509    0.0623
   88.0000    2.8354    0.7623    0.9233   -0.7045   -0.5197    0.2396    0.7366    0.0509    0.0623
   89.0000    2.8584    0.7623    0.9233   -0.7045   -0.5169    0.2424    0.7366    0.0509    0.0623
   90.0000    2.8814    0.7623    0.9233   -0.7045   -0.5142    0.2451    0.7366    0.0509    0.0623
   91.0000    2.9044    0.7623    0.9233   -0.7045   -0.5114    0.2479    0.7366    0.0509    0.0623
   92.0000    2.9274    0.7623    0.9233   -0.7045   -0.5087    0.2506    0.7366    0.0509    0.0623
   93.0000    2.9504    0.7623    0.9233   -0.7045   -0.5059    0.2534    0.7366    0.0509    0.0623
   94.0000    2.9735    0.7623    0.9233   -0.7045   -0.5032    0.2561    0.7366    0.0509    0.0623
   95.0000    2.9965    0.7623    0.9233   -0.7045   -0.5005    0.2588    0.7366    0.0509    0.0623
   96.0000    3.0195    0.7623    0.9233   -0.7045   -0.4977    0.2616    0.7366    0.0509    0.0623
   97.0000    3.0425    0.7623    0.9233   -0.7045   -0.4950    0.2643    0.7366    0.0509    0.0623
   98.0000    3.0655    0.7623    0.9233   -0.7045   -0.4922    0.2671    0.7366    0.0509    0.0623
   99.0000    3.0885    0.7623    0.9233   -0.7045   -0.4895    0.2698    0.7366    0.0509    0.0623
  100.0000    1.0000    0.7623    0.9233   -0.7045   -0.8098    0.0000    0.7366    0.0509    0.0623
