         t         N         I         S      h_HL       h_H       h_L       Eta   Gamma_H   Gamma_L
    0.0000    1.0000    0.6818    0.9068   -0.8098   -0.8098    0.0000    0.6495    0.0622    0.0963
    1.0000    1.0188    0.6933    0.9095   -0.8098   -0.8072    0.0026    0.6619    0.0603    0.0927
    2.0000    1.0377    0.7032    0.9119   -0.8098   -0.8046    0.0052    0.6725    0.0587    0.0897
    3.0000    1.0567    0.7114    0.9139   -0.8098   -0.8020    0.0078    0.6814    0.0573    0.0871
    4.0000    1.0759    0.7183    0.9156   -0.8098   -0.7994    0.0104    0.6888    0.0562    0.0850
    5.0000    1.0952    0.7239    0.9170   -0.8098   -0.7968    0.0131    0.6948    0.0552    0.0832
    6.0000    1.1147    0.7283    0.9181   -0.8098   -0.7942    0.0157    0.6996    0.0544    0.0818
    7.0000    1.1345    0.7329    0.9192   -0.8098   -0.7916    0.0183    0.7046    0.0536    0.0804
    8.0000    1.1547    0.7377    0.9204   -0.8098   -0.7889    0.0209    0.7098    0.0528    0.0789
    9.0000    1.1753    0.7428    0.9217   -0.8098   -0.7863    0.0235    0.7153    0.0519    0.0773
   10.0000    1.1965    0.7471    0.9228   -0.8098   -0.7837    0.0261    0.7199    0.0512    0.0759
   11.0000    1.2183    0.7508    0.9238   -0.8098   -0.7811    0.0287    0.7240    0.0505    0.0747
   12.0000    1.2406    0.7544    0.9247   -0.8098   -0.7785    0.0313    0.7279    0.0499    0.0736
   13.0000    1.2635    0.7581    0.9257   -0.8098   -0.7759    0.0340    0.7319    0.0492    0.0724
   14.0000    1.2868    0.7619    0.9267   -0.8098   -0.7733    0.0366    0.7361    0.0485    0.0712
   15.0000    1.3104    0.7660    0.9277   -0.8098   -0.7707    0.0392    0.7405    0.0478    0.0700
   16.0000    1.3343    0.7699    0.9288   -0.8098   -0.7680    0.0418    0.7449    0.0471    0.0687
   17.0000    1.3584    0.7732    0.9296   -0.8098   -0.7654    0.0444    0.7484    0.0465    0.0677
   18.0000    1.3826    0.7756    0.9303   -0.8098   -0.7628    0.0470    0.7511    0.0460    0.0669
   19.0000    1.4069    0.7773    0.9307   -0.8098   -0.7602    0.0496    0.7528    0.0457    0.0664
   20.0000    1.4312    0.7783    0.9310   -0.8098   -0.7576    0.0522    0.7539    0.0455    0.0661
   21.0000    1.4555    0.7789    0.9311   -0.8098   -0.7550    0.0549    0.7546    0.0454    0.0659
   22.0000    1.4799    0.7792    0.9312   -0.8098   -0.7524    0.0575    0.7550    0.0453    0.0658
   23.0000    1.5042    0.7794    0.9313   -0.8098   -0.7498    0.0601    0.7552    0.0453    0.0657
   24.0000    1.5286    0.7795    0.9313   -0.8098   -0.7472    0.0627    0.7553    0.0453    0.0657
   25.0000    1.5529    0.7795    0.9313   -0.8098   -0.7445    0.0653    0.7553    0.0453    0.0657
   26.0000    1.5773    0.7796    0.9313   -0.8098   -0.7419    0.0679    0.7553    0.0453    0.0657
   27.0000    1.6016    0.7796    0.9313   -0.8098   -0.7393    0.0705    0.7553    0.0453    0.0657
   28.0000    1.6260    0.7796    0.9313   -0.8098   -0.7367    0.0731    0.7554    0.0453    0.0657
   29.0000    1.6504    0.7796    0.9313   -0.8098   -0.7341    0.0758    0.7554    0.0453    0.0657
   30.0000    1.6747    0.7796    0.9313   -0.8098   -0.7315    0.0784    0.7554    0.0453    0.0657
   31.0000    1.6991    0.7796    0.9313   -0.8098   -0.7289    0.0810    0.7554    0.0453    0.0657
   32.0000    1.7234    0.7796    0.9313   -0.8098   -0.7263    0.0836    0.7554    0.0453    0.0657
   33.0000    1.7478    0.7796    0.9313   -0.8098   -0.7236    0.0862    0.7554    0.0453    0.0657
   34.0000    1.7722    0.7796    0.9313   -0.8098   -0.7210    0.0888    0.7554    0.0453    0.0657
   35.0000    1.7965    0.7796    0.9313   -0.8098   -0.7184    0.0914    0.7554    0.0453    0.0657
   36.0000    1.8209    0.7796    0.9313   -0.8098   -0.7158    0.0940    0.7554    0.0453    0.0657
   37.0000    1.8452    0.7796    0.9313   -0.8098   -0.7132    0.0967    0.7554    0.0453    0.0657
   38.0000    1.8696    0.7796    0.9313   -0.8098   -0.7106    0.0993    0.7554    0.0453    0.0657
   39.0000    1.8940    0.7796    0.9313   -0.8098   -0.7080    0.1019    0.7554    0.0453    0.0657
   40.0000    1.9183    0.7796    0.9313   -0.8098   -0.7054    0.1045    0.7554    0.0453    0.0657
   41.0000    1.9427    0.7796    0.9313   -0.8098   -0.7027    0.1071    0.7554    0.0453    0.0657
   42.0000    1.9670    0.7796    0.9313   -0.8098   -0.7001    0.1097    0.7554    0.0453    0.0657
   43.0000    1.9914    0.7796    0.9313   -0.8098   -0.6975    0.1123    0.7554    0.0453    0.0657
   44.0000    2.0158    0.7796    0.9313   -0.8098   -0.6949    0.1149    0.7554    0.0453    0.0657
   45.0000    2.0401    0.7796    0.9313   -0.8098   -0.6923    0.1176    0.7554    0.0453    0.0657
   46.0000    2.0645    0.7796    0.9313   -0.8098   -0.6897    0.1202    0.7554    0.0453    0.0657
   47.0000    2.0888    0.7796    0.9313   -0.8098   -0.6871    0.1228    0.7554    0.0453    0.0657
   48.0000    2.1132    0.7796    0.9313   -0.8098   -0.6845    0.1254    0.7554    0.0453    0.0657
   49.0000    2.1375    0.7796    0.9313   -0.8098   -0.6818    0.1280    0.7554    0.0453    0.0657
   50.0000    2.1619    0.7796    0.9313   -0.8098   -0.6792    0.1306    0.7554    0.0453    0.0657
   51.0000    2.1863    0.7796    0.9313   -0.8098   -0.6766    0.1332    0.7554    0.0453    0.0657
   52.0000    2.2106    0.7796    0.9313   -0.8098   -0.6740    0.1358    0.7554    0.0453    0.0657
   53.0000    2.2350    0.7796    0.9313   -0.8098   -0.6714    0.1385    0.7554    0.0453    0.0657
   54.0000    2.2593    0.7796    0.9313   -0.8098   -0.6688    0.1411    0.7554    0.0453    0.0657
   55.0000    2.2837    0.7796    0.9313   -0.8098   -0.6662    0.1437    0.7554    0.0453    0.0657
   56.0000    2.3081    0.7796    0.9313   -0.8098   -0.6636    0.1463    0.7554    0.0453    0.0657
   57.0000    2.3324    0.7796    0.9313   -0.8098   -0.6609    0.1489    0.7554    0.0453    0.0657
   58.0000    2.3568    0.7796    0.9313   -0.8098   -0.6583    0.1515    0.7554    0.0453    0.0657
   59.0000    2.3811    0.7796    0.9313   -0.8098   -0.6557    0.1541    0.7554    0.0453    0.0657
   60.0000    2.4055    0.7796    0.9313   -0.8098   -0.6531    0.1567    0.7554    0.0453    0.0657
   61.0000    2.4299    0.7796    0.9313   -0.8098   -0.6505    0.1594    0.7554    0.0453    0.0657
   62.0000    2.4542    0.7796    0.9313   -0.8098   -0.6479    0.1620    0.7554    0.0453    0.0657
   63.0000    2.4786    0.7796    0.9313   -0.8098   -0.6453    0.1646    0.7554    0.0453    0.0657
   64.0000    2.5029    0.7796    0.9313   -0.8098   -0.6427    0.1672    0.7554    0.0453    0.0657
   65.0000    2.5273    0.7796    0.9313   -0.8098   -0.6400    0.1698    0.7554    0.0453    0.0657
   66.0000    2.5517    0.7796    0.9313   -0.8098   -0.6374    0.1724    0.7554    0.0453    0.0657
   67.0000    2.5760    0.7796    0.9313   -0.8098   -0.6348    0.1750    0.7554    0.0453    0.0657
   68.0000    2.6004    0.7796    0.9313   -0.8098   -0.6322    0.1776    0.7554    0.0453    0.0657
   69.0000    2.6247    0.7796    0.9313   -0.8098   -0.6296    0.1803    0.7554    0.0453    0.0657
   70.0000    2.6491    0.7796    0.9313   -0.8098   -0.6270    0.1829    0.7554    0.0453    0.0657
   71.0000    2.6735    0.7796    0.9313   -0.8098   -0.6244    0.1855    0.7554    0.0453    0.0657
   72.0000    2.6978    0.7796    0.9313   -0.8098   -0.6218    0.1881    0.7554    0.0453    0.0657
   73.0000    2.7222    0.7796    0.9313   -0.8098   -0.6191    0.1907    0.7554    0.0453    0.0657
   74.0000    2.7465    0.7796    0.9313   -0.8098   -0.6165    0.1933    0.7554    0.0453    0.0657
   75.0000    2.7709    0.7796    0.9313   -0.8098   -0.6139    0.1959    0.7554    0.0453    0.0657
   76.0000    2.7953    0.7796    0.9313   -0.8098   -0.6113    0.1985    0.7554    0.0453    0.0657
   77.0000    2.8196    0.7796    0.9313   -0.8098   -0.6087    0.2012    0.7554    0.0453    0.0657
   78.0000    2.8440    0.7796    0.9313   -0.8098   -0.6061    0.2038    0.7554    0.0453    0.0657
   79.0000    2.8683    0.7796    0.9313   -0.8098   -0.6035    0.2064    0.7554    0.0453    0.0657
   80.0000    2.8927    0.7796    0.9313   -0.8098   -0.6009    0.2090    0.7554    0.0453    0.0657
   81.0000    2.9170    0.7796    0.9313   -0.8098   -0.5982    0.2116    0.7554    0.0453    0.0657
   82.0000    2.9414    0.7796    0.9313   -0.8098   -0.5956    0.2142    0.7554    0.0453    0.0657
   83.0000    2.9658    0.7796    0.9313   -0.8098   -0.5930    0.2168    0.7554    0.0453    0.0657
   84.0000    2.9901    0.7796    0.9313   -0.8098   -0.5904    0.2194    0.7554    0.0453    0.0657
   85.0000    3.0145    0.7796    0.9313   -0.8098   -0.5878    0.2221    0.7554    0.0453    0.0657
   86.0000    3.0388    0.7796    0.9313   -0.8098   -0.5852    0.2247    0.7554    0.0453    0.0657
   87.0000    3.0632    0.7796    0.9313   -0.8098   -0.5826    0.2273    0.7554    0.0453    0.0657
   88.0000    3.0876    0.7796    0.9313   -0.8098   -0.5800    0.2299    0.7554    0.0453    0.0657
   89.0000    3.1119    0.7796    0.9313   -0.8098   -0.5773    0.2325    0.7554    0.0453    0.0657
   90.0000    3.1363    0.7796    0.9313   -0.8098   -0.5747    0.2351    0.7554    0.0453    0.0657
   91.0000    3.1606    0.7796    0.9313   -0.8098   -0.5721    0.2377    0.7554    0.0453    0.0657
   92.0000    3.1850    0.7796    0.9313   -0.8098   -0.5695    0.2403    0.7554    0.0453    0.0657
   93.0000    3.2094    0.7796    0.9313   -0.8098   -0.5669    0.2430    0.7554    0.0453    0.0657
   94.0000    3.2337    0.7796    0.9313   -0.8098   -0.5643    0.2456    0.7554    0.0453    0.0657
   95.0000    3.2581    0.7796    0.9313   -0.8098   -0.5617    0.2482    0.7554    0.0453    0.0657
   96.0000    3.2824    0.7796    0.9313   -0.8098   -0.5591    0.2508    0.7554    0.0453    0.0657
   97.0000    3.3068    0.7796    0.9313   -0.8098   -0.5564    0.2534    0.7554    0.0453    0.0657
   98.0000    3.3312    0.7796    0.9313   -0.8098   -0.5538    0.2560    0.7554    0.0453    0.0657
   99.0000    3.3555    0.7796    0.9313   -0.8098   -0.5512    0.2586    0.7554    0.0453    0.0657
  100.0000    1.0000    0.7796    0.9313   -0.8098   -0.8098    0.0000    0.7554    0.0453    0.0657
