         t         g       g_N       g_I      g_hH      g_hL
    0.0000    4.4648    4.2036    4.2036    0.2612    0.2612
    1.0000    4.5874    4.2036    7.2932    0.3839    0.2809
    2.0000    4.5873    4.2036    7.2945    0.3837    0.2776
    3.0000    4.5874    4.2036    7.2942    0.3838    0.2755
    4.0000    4.5874    4.2036    7.2978    0.3839    0.2727
    5.0000    4.5875    4.2036    7.2943    0.3839    0.2690
    6.0000    4.5875    4.2036    7.2938    0.3839    0.2674
    7.0000    4.5874    4.2036    7.2917    0.3839    0.2679
    8.0000    4.5875    4.2036    7.2878    0.3839    0.2668
    9.0000    4.5875    4.2036    7.2930    0.3839    0.2672
   10.0000    4.5875    4.2036    7.2855    0.3839    0.2670
   11.0000    4.5875    4.2036    7.2922    0.3839    0.2672
   12.0000    4.5871    4.2036    7.2835    0.3836    0.2660
   13.0000    4.5874    4.2036    7.2893    0.3838    0.2675
   14.0000    4.5875    4.2036    7.2895    0.3839    0.2670
   15.0000    4.5873    4.2036    7.2931    0.3837    0.2659
   16.0000    4.5873    4.2036    7.2892    0.3838    0.2665
   17.0000    4.5870    4.2036    7.2709    0.3834    0.2669
   18.0000    4.5875    4.2036    7.2797    0.3839    0.2676
   19.0000    4.5875    4.2036    7.2931    0.3840    0.2666
   20.0000    4.5867    4.2036    7.2584    0.3832    0.2676
   21.0000    4.5872    4.2036    7.2854    0.3836    0.2675
   22.0000    4.5874    4.2036    7.2934    0.3839    0.2671
   23.0000    4.5871    4.2036    7.2910    0.3835    0.2683
   24.0000    4.5875    4.2036    7.2864    0.3839    0.2664
   25.0000    4.5875    4.2036    7.2861    0.3839    0.2672
   26.0000    4.5874    4.2036    7.2947    0.3838    0.2671
   27.0000    4.5872    4.2036    7.2923    0.3836    0.2694
   28.0000    4.5875    4.2036    7.2911    0.3839    0.2670
   29.0000    4.5873    4.2036    7.2912    0.3838    0.2682
   30.0000    4.5874    4.2036    7.2822    0.3838    0.2668
   31.0000    4.5875    4.2037    7.2952    0.3838    0.2671
   32.0000    4.5879    4.2040    7.2935    0.3839    0.2675
   33.0000    4.5883    4.2044    7.2907    0.3839    0.2673
   34.0000    4.5898    4.2064    7.2947    0.3834    0.2671
   35.0000    4.5932    4.2097    7.2889    0.3835    0.2676
   36.0000    4.6061    4.2226    7.2673    0.3835    0.2677
   37.0000    4.6460    4.2637    7.2397    0.3823    0.2669
   38.0000    4.7358    4.3559    7.1285    0.3799    0.2625
   39.0000    4.7924    4.4224    6.8199    0.3700    0.2516
   40.0000    4.9440    4.6012    6.6098    0.3427    0.2473
   41.0000    5.0343    4.6964    6.2711    0.3379    0.2512
   42.0000    5.0835    4.7436    6.0059    0.3399    0.2653
   43.0000    5.1980    4.8665    5.9133    0.3315    0.2606
   44.0000    5.2212    4.8842    5.6461    0.3371    0.2796
   45.0000    5.1642    4.8306    5.3387    0.3336    0.2862
   46.0000    5.2217    4.8863    5.3714    0.3354    0.3002
   47.0000    5.2272    4.8955    5.3019    0.3317    0.2904
   48.0000    5.2421    4.9179    5.2536    0.3242    0.3039
   49.0000    5.3012    4.9830    5.3528    0.3182    0.2975
   50.0000    5.3704    5.0554    5.2998    0.3149    0.2989
   51.0000    5.4029    5.0982    5.2551    0.3047    0.2978
   52.0000    5.4887    5.2011    5.2311    0.2877    0.2857
   53.0000    5.4885    5.2143    5.2073    0.2743    0.2743
   54.0000    5.4885    5.2143    5.2085    0.2743    0.2743
   55.0000    5.4885    5.2143    5.2101    0.2743    0.2743
   56.0000    5.4885    5.2143    5.2107    0.2743    0.2743
   57.0000    5.4885    5.2143    5.2112    0.2743    0.2743
   58.0000    5.4885    5.2143    5.2124    0.2743    0.2743
   59.0000    5.4885    5.2143    5.2128    0.2743    0.2743
   60.0000    5.4885    5.2143    5.2132    0.2743    0.2743
   61.0000    5.4885    5.2143    5.2136    0.2743    0.2743
   62.0000    5.4885    5.2143    5.2143    0.2743    0.2743
   63.0000    5.4885    5.2143    5.2143    0.2743    0.2743
   64.0000    5.4885    5.2143    5.2143    0.2743    0.2743
   65.0000    5.4885    5.2143    5.2143    0.2743    0.2743
   66.0000    5.4885    5.2143    5.2143    0.2743    0.2743
   67.0000    5.4885    5.2143    5.2143    0.2743    0.2743
   68.0000    5.4885    5.2143    5.2143    0.2743    0.2743
   69.0000    5.4885    5.2143    5.2143    0.2743    0.2743
   70.0000    5.4885    5.2143    5.2143    0.2743    0.2743
   71.0000    5.4885    5.2143    5.2143    0.2743    0.2743
   72.0000    5.4885    5.2143    5.2143    0.2743    0.2743
   73.0000    5.4885    5.2143    5.2143    0.2743    0.2743
   74.0000    5.4885    5.2143    5.2143    0.2743    0.2743
   75.0000    5.4885    5.2143    5.2143    0.2743    0.2743
   76.0000    5.4885    5.2143    5.2143    0.2743    0.2743
   77.0000    5.4885    5.2143    5.2143    0.2743    0.2743
   78.0000    5.4885    5.2143    5.2143    0.2743    0.2743
   79.0000    5.4885    5.2143    5.2143    0.2743    0.2743
   80.0000    5.4885    5.2143    5.2143    0.2743    0.2743
   81.0000    5.4885    5.2143    5.2143    0.2743    0.2743
   82.0000    5.4885    5.2143    5.2143    0.2743    0.2743
   83.0000    5.4885    5.2143    5.2143    0.2743    0.2743
   84.0000    5.4885    5.2143    5.2143    0.2743    0.2743
   85.0000    5.4885    5.2143    5.2143    0.2743    0.2743
   86.0000    5.4885    5.2143    5.2143    0.2743    0.2743
   87.0000    5.4885    5.2143    5.2143    0.2743    0.2743
   88.0000    5.4885    5.2143    5.2143    0.2743    0.2743
   89.0000    5.4885    5.2143    5.2143    0.2743    0.2743
   90.0000    5.4885    5.2143    5.2143    0.2743    0.2743
   91.0000    5.4885    5.2143    5.2143    0.2743    0.2743
   92.0000    5.4885    5.2143    5.2143    0.2743    0.2743
   93.0000    5.4885    5.2143    5.2143    0.2743    0.2743
   94.0000    5.4885    5.2143    5.2143    0.2743    0.2743
   95.0000    5.4885    5.2143    5.2143    0.2743    0.2743
   96.0000    5.4885    5.2143    5.2143    0.2743    0.2743
   97.0000    5.4885    5.2143    5.2143    0.2743    0.2743
   98.0000    5.4885    5.2143    5.2143    0.2743    0.2743
   99.0000    5.4885    5.2143    5.2143    0.2743    0.2743
  100.0000    5.4885    5.2143    5.2143    0.2743    0.2743
