         t         y         k       L_H       L_L       c_H       c_L       V_H       V_L      V_HL
    0.0000    0.0497    0.1249    0.2292    0.6389    0.0371    0.0178 1122.9193 1043.2816    1.0867
    1.0000    0.0491    0.1249    0.2292    0.6389    0.0371    0.0178 1124.2990 1044.5634    1.0867
    2.0000    0.0486    0.1249    0.2292    0.6389    0.0372    0.0178 1125.6361 1045.8057    1.0867
    3.0000    0.0482    0.1249    0.2292    0.6389    0.0372    0.0178 1126.9435 1047.0203    1.0867
    4.0000    0.0478    0.1248    0.2292    0.6389    0.0372    0.0178 1128.2291 1048.2148    1.0867
    5.0000    0.0474    0.1246    0.2292    0.6389    0.0372    0.0178 1129.4954 1049.3913    1.0867
    6.0000    0.0471    0.1241    0.2292    0.6389    0.0372    0.0178 1130.7380 1050.5458    1.0867
    7.0000    0.0466    0.1232    0.2292    0.6389    0.0372    0.0178 1131.9362 1051.6590    1.0867
    8.0000    0.0461    0.1218    0.2292    0.6389    0.0371    0.0178 1133.0685 1052.7110    1.0867
    9.0000    0.0454    0.1197    0.2292    0.6389    0.0371    0.0178 1134.1071 1053.6759    1.0867
   10.0000    0.0447    0.1171    0.2292    0.6389    0.0371    0.0178 1135.0327 1054.5358    1.0867
   11.0000    0.0439    0.1141    0.2292    0.6389    0.0371    0.0178 1135.8268 1055.2737    1.0867
   12.0000    0.0431    0.1108    0.2292    0.6389    0.0371    0.0178 1136.4782 1055.8789    1.0867
   13.0000    0.0423    0.1077    0.2292    0.6389    0.0371    0.0178 1136.9867 1056.3513    1.0867
   14.0000    0.0415    0.1049    0.2292    0.6389    0.0371    0.0178 1137.3649 1056.7027    1.0867
   15.0000    0.0408    0.1026    0.2292    0.6389    0.0371    0.0178 1137.6330 1056.9518    1.0867
   16.0000    0.0402    0.1007    0.2292    0.6389    0.0371    0.0178 1137.8144 1057.1203    1.0867
   17.0000    0.0398    0.0994    0.2292    0.6389    0.0371    0.0178 1137.9308 1057.2285    1.0867
   18.0000    0.0394    0.0985    0.2292    0.6389    0.0371    0.0178 1138.0028 1057.2954    1.0867
   19.0000    0.0392    0.0979    0.2292    0.6389    0.0371    0.0178 1138.0456 1057.3351    1.0867
   20.0000    0.0391    0.0975    0.2292    0.6389    0.0371    0.0178 1138.0698 1057.3576    1.0867
   21.0000    0.0390    0.0973    0.2292    0.6389    0.0371    0.0178 1138.0831 1057.3699    1.0867
   22.0000    0.0390    0.0972    0.2292    0.6389    0.0371    0.0178 1138.0901 1057.3764    1.0867
   23.0000    0.0389    0.0971    0.2292    0.6389    0.0371    0.0178 1138.0936 1057.3797    1.0867
   24.0000    0.0389    0.0971    0.2292    0.6389    0.0371    0.0178 1138.0953 1057.3813    1.0867
   25.0000    0.0389    0.0971    0.2292    0.6389    0.0371    0.0178 1138.0961 1057.3820    1.0867
   26.0000    0.0389    0.0971    0.2292    0.6389    0.0371    0.0178 1138.0965 1057.3823    1.0867
   27.0000    0.0389    0.0971    0.2292    0.6389    0.0371    0.0178 1138.0966 1057.3825    1.0867
   28.0000    0.0389    0.0971    0.2292    0.6389    0.0371    0.0178 1138.0967 1057.3826    1.0867
   29.0000    0.0389    0.0971    0.2292    0.6389    0.0371    0.0178 1138.0967 1057.3826    1.0867
   30.0000    0.0389    0.0971    0.2292    0.6389    0.0371    0.0178 1138.0967 1057.3826    1.0867
   31.0000    0.0389    0.0971    0.2292    0.6389    0.0371    0.0178 1138.0967 1057.3826    1.0867
   32.0000    0.0389    0.0971    0.2292    0.6389    0.0371    0.0178 1138.0967 1057.3826    1.0867
   33.0000    0.0389    0.0971    0.2292    0.6389    0.0371    0.0178 1138.0967 1057.3826    1.0867
   34.0000    0.0389    0.0971    0.2292    0.6389    0.0371    0.0178 1138.0967 1057.3826    1.0867
   35.0000    0.0389    0.0971    0.2292    0.6389    0.0371    0.0178 1138.0967 1057.3826    1.0867
   36.0000    0.0389    0.0971    0.2292    0.6389    0.0371    0.0178 1138.0967 1057.3826    1.0867
   37.0000    0.0389    0.0971    0.2292    0.6389    0.0371    0.0178 1138.0967 1057.3826    1.0867
   38.0000    0.0389    0.0971    0.2292    0.6389    0.0371    0.0178 1138.0967 1057.3826    1.0867
   39.0000    0.0389    0.0971    0.2292    0.6389    0.0371    0.0178 1138.0967 1057.3826    1.0867
   40.0000    0.0389    0.0971    0.2292    0.6389    0.0371    0.0178 1138.0967 1057.3826    1.0867
   41.0000    0.0389    0.0971    0.2292    0.6389    0.0371    0.0178 1138.0967 1057.3826    1.0867
   42.0000    0.0389    0.0971    0.2292    0.6389    0.0371    0.0178 1138.0967 1057.3826    1.0867
   43.0000    0.0389    0.0971    0.2292    0.6389    0.0371    0.0178 1138.0967 1057.3826    1.0867
   44.0000    0.0389    0.0971    0.2292    0.6389    0.0371    0.0178 1138.0967 1057.3826    1.0867
   45.0000    0.0389    0.0971    0.2292    0.6389    0.0371    0.0178 1138.0967 1057.3826    1.0867
   46.0000    0.0389    0.0971    0.2292    0.6389    0.0371    0.0178 1138.0967 1057.3826    1.0867
   47.0000    0.0389    0.0971    0.2292    0.6389    0.0371    0.0178 1138.0967 1057.3826    1.0867
   48.0000    0.0389    0.0971    0.2292    0.6389    0.0371    0.0178 1138.0967 1057.3826    1.0867
   49.0000    0.0389    0.0971    0.2292    0.6389    0.0371    0.0178 1138.0967 1057.3826    1.0867
   50.0000    0.0389    0.0971    0.2292    0.6389    0.0371    0.0178 1138.0967 1057.3826    1.0867
   51.0000    0.0389    0.0971    0.2292    0.6389    0.0371    0.0178 1138.0967 1057.3826    1.0867
   52.0000    0.0389    0.0971    0.2292    0.6389    0.0371    0.0178 1138.0967 1057.3826    1.0867
   53.0000    0.0389    0.0971    0.2292    0.6389    0.0371    0.0178 1138.0967 1057.3826    1.0867
   54.0000    0.0389    0.0971    0.2292    0.6389    0.0371    0.0178 1138.0967 1057.3826    1.0867
   55.0000    0.0389    0.0971    0.2292    0.6389    0.0371    0.0178 1138.0967 1057.3826    1.0867
   56.0000    0.0389    0.0971    0.2292    0.6389    0.0371    0.0178 1138.0967 1057.3826    1.0867
   57.0000    0.0389    0.0971    0.2292    0.6389    0.0371    0.0178 1138.0967 1057.3826    1.0867
   58.0000    0.0389    0.0971    0.2292    0.6389    0.0371    0.0178 1138.0967 1057.3826    1.0867
   59.0000    0.0389    0.0971    0.2292    0.6389    0.0371    0.0178 1138.0967 1057.3826    1.0867
   60.0000    0.0389    0.0971    0.2292    0.6389    0.0371    0.0178 1138.0967 1057.3826    1.0867
   61.0000    0.0389    0.0971    0.2292    0.6389    0.0371    0.0178 1138.0967 1057.3826    1.0867
   62.0000    0.0389    0.0971    0.2292    0.6389    0.0371    0.0178 1138.0967 1057.3826    1.0867
   63.0000    0.0389    0.0971    0.2292    0.6389    0.0371    0.0178 1138.0967 1057.3826    1.0867
   64.0000    0.0389    0.0971    0.2292    0.6389    0.0371    0.0178 1138.0967 1057.3826    1.0867
   65.0000    0.0389    0.0971    0.2292    0.6389    0.0371    0.0178 1138.0967 1057.3826    1.0867
   66.0000    0.0389    0.0971    0.2292    0.6389    0.0371    0.0178 1138.0967 1057.3826    1.0867
   67.0000    0.0389    0.0971    0.2292    0.6389    0.0371    0.0178 1138.0967 1057.3826    1.0867
   68.0000    0.0389    0.0971    0.2292    0.6389    0.0371    0.0178 1138.0967 1057.3826    1.0867
   69.0000    0.0389    0.0971    0.2292    0.6389    0.0371    0.0178 1138.0967 1057.3826    1.0867
   70.0000    0.0389    0.0971    0.2292    0.6389    0.0371    0.0178 1138.0967 1057.3826    1.0867
   71.0000    0.0389    0.0971    0.2292    0.6389    0.0371    0.0178 1138.0967 1057.3826    1.0867
   72.0000    0.0389    0.0971    0.2292    0.6389    0.0371    0.0178 1138.0967 1057.3826    1.0867
   73.0000    0.0389    0.0971    0.2292    0.6389    0.0371    0.0178 1138.0967 1057.3826    1.0867
   74.0000    0.0389    0.0971    0.2292    0.6389    0.0371    0.0178 1138.0967 1057.3826    1.0867
   75.0000    0.0389    0.0971    0.2292    0.6389    0.0371    0.0178 1138.0967 1057.3826    1.0867
   76.0000    0.0389    0.0971    0.2292    0.6389    0.0371    0.0178 1138.0967 1057.3826    1.0867
   77.0000    0.0389    0.0971    0.2292    0.6389    0.0371    0.0178 1138.0967 1057.3826    1.0867
   78.0000    0.0389    0.0971    0.2292    0.6389    0.0371    0.0178 1138.0967 1057.3826    1.0867
   79.0000    0.0389    0.0971    0.2292    0.6389    0.0371    0.0178 1138.0967 1057.3826    1.0867
   80.0000    0.0389    0.0971    0.2292    0.6389    0.0371    0.0178 1138.0967 1057.3826    1.0867
   81.0000    0.0389    0.0971    0.2292    0.6389    0.0371    0.0178 1138.0967 1057.3826    1.0867
   82.0000    0.0389    0.0971    0.2292    0.6389    0.0371    0.0178 1138.0967 1057.3826    1.0867
   83.0000    0.0389    0.0971    0.2292    0.6389    0.0371    0.0178 1138.0967 1057.3826    1.0867
   84.0000    0.0389    0.0971    0.2292    0.6389    0.0371    0.0178 1138.0967 1057.3826    1.0867
   85.0000    0.0389    0.0971    0.2292    0.6389    0.0371    0.0178 1138.0967 1057.3826    1.0867
   86.0000    0.0389    0.0971    0.2292    0.6389    0.0371    0.0178 1138.0967 1057.3826    1.0867
   87.0000    0.0389    0.0971    0.2292    0.6389    0.0371    0.0178 1138.0967 1057.3826    1.0867
   88.0000    0.0389    0.0971    0.2292    0.6389    0.0371    0.0178 1138.0967 1057.3826    1.0867
   89.0000    0.0389    0.0971    0.2292    0.6389    0.0371    0.0178 1138.0967 1057.3826    1.0867
   90.0000    0.0389    0.0971    0.2292    0.6389    0.0371    0.0178 1138.0967 1057.3826    1.0867
   91.0000    0.0389    0.0971    0.2292    0.6389    0.0371    0.0178 1138.0967 1057.3826    1.0867
   92.0000    0.0389    0.0971    0.2292    0.6389    0.0371    0.0178 1138.0967 1057.3826    1.0867
   93.0000    0.0389    0.0971    0.2292    0.6389    0.0371    0.0178 1138.0967 1057.3826    1.0867
   94.0000    0.0389    0.0971    0.2292    0.6389    0.0371    0.0178 1138.0967 1057.3826    1.0867
   95.0000    0.0389    0.0971    0.2292    0.6389    0.0371    0.0178 1138.0967 1057.3826    1.0867
   96.0000    0.0389    0.0971    0.2292    0.6389    0.0371    0.0178 1138.0967 1057.3826    1.0867
   97.0000    0.0389    0.0971    0.2292    0.6389    0.0371    0.0178 1138.0967 1057.3826    1.0867
   98.0000    0.0389    0.0971    0.2292    0.6389    0.0371    0.0178 1138.0967 1057.3826    1.0867
   99.0000    0.0389    0.0971    0.2292    0.6389    0.0371    0.0178 1138.0967 1057.3826    1.0867
  100.0000    0.0389    0.0971    0.2292    0.6389    0.0371    0.0178 1138.0967 1057.3826    1.0867
