         t         y         k       L_H       L_L       c_H       c_L       V_H       V_L      V_HL
    0.0000    0.0497    0.1249    0.2292    0.6389    0.0387    0.0181 1086.1504 1006.5566    1.1405
    1.0000    0.0470    0.1249    0.1912    0.6200    0.0385    0.0180 1087.0841 1007.4218    1.1405
    2.0000    0.0464    0.1249    0.1924    0.6233    0.0384    0.0179 1088.0295 1008.2979    1.1405
    3.0000    0.0457    0.1249    0.1907    0.6269    0.0382    0.0179 1088.9896 1009.1876    1.1405
    4.0000    0.0449    0.1249    0.1906    0.6292    0.0381    0.0178 1089.9539 1010.0812    1.1405
    5.0000    0.0441    0.1249    0.1905    0.6319    0.0380    0.0177 1090.9277 1010.9836    1.1405
    6.0000    0.0433    0.1248    0.1904    0.6357    0.0378    0.0177 1091.9110 1011.8948    1.1405
    7.0000    0.0430    0.1247    0.1904    0.6332    0.0377    0.0176 1092.9038 1012.8148    1.1405
    8.0000    0.0430    0.1244    0.1902    0.6364    0.0376    0.0176 1093.9068 1013.7443    1.1405
    9.0000    0.0429    0.1237    0.1901    0.6365    0.0375    0.0175 1094.9182 1014.6815    1.1405
   10.0000    0.0427    0.1228    0.1902    0.6360    0.0374    0.0175 1095.9332 1015.6221    1.1405
   11.0000    0.0424    0.1213    0.1901    0.6360    0.0373    0.0174 1096.9411 1016.5561    1.1405
   12.0000    0.0420    0.1192    0.1901    0.6358    0.0372    0.0174 1097.9307 1017.4731    1.1405
   13.0000    0.0415    0.1166    0.1918    0.6354    0.0371    0.0174 1098.8604 1018.3347    1.1405
   14.0000    0.0410    0.1136    0.1950    0.6362    0.0371    0.0173 1099.6919 1019.1052    1.1405
   15.0000    0.0404    0.1102    0.1983    0.6303    0.0371    0.0173 1100.4282 1019.7875    1.1405
   16.0000    0.0396    0.1066    0.2003    0.6238    0.0370    0.0173 1101.0607 1020.3736    1.1405
   17.0000    0.0385    0.1027    0.2012    0.6098    0.0370    0.0173 1101.6176 1020.8897    1.1405
   18.0000    0.0379    0.0989    0.2057    0.6085    0.0370    0.0173 1102.0575 1021.2973    1.1405
   19.0000    0.0371    0.0962    0.2063    0.5947    0.0370    0.0173 1102.4014 1021.6159    1.1405
   20.0000    0.0365    0.0952    0.2030    0.5810    0.0370    0.0173 1102.7273 1021.9180    1.1405
   21.0000    0.0366    0.0952    0.2055    0.5842    0.0370    0.0173 1103.0251 1022.1939    1.1405
   22.0000    0.0367    0.0952    0.2068    0.5871    0.0370    0.0173 1103.3087 1022.4567    1.1405
   23.0000    0.0368    0.0952    0.2077    0.5899    0.0369    0.0172 1103.5152 1022.6480    1.1405
   24.0000    0.0372    0.0952    0.2141    0.5984    0.0369    0.0172 1103.6410 1022.7645    1.1405
   25.0000    0.0380    0.0952    0.2209    0.6259    0.0369    0.0172 1103.6703 1022.7916    1.1405
   26.0000    0.0380    0.0952    0.2209    0.6259    0.0369    0.0172 1103.6703 1022.7916    1.1405
   27.0000    0.0380    0.0952    0.2209    0.6259    0.0369    0.0172 1103.6703 1022.7916    1.1405
   28.0000    0.0380    0.0952    0.2209    0.6259    0.0369    0.0172 1103.6704 1022.7916    1.1405
   29.0000    0.0380    0.0952    0.2209    0.6259    0.0369    0.0172 1103.6704 1022.7916    1.1405
   30.0000    0.0380    0.0952    0.2209    0.6259    0.0369    0.0172 1103.6704 1022.7916    1.1405
   31.0000    0.0380    0.0952    0.2209    0.6259    0.0369    0.0172 1103.6704 1022.7915    1.1405
   32.0000    0.0380    0.0952    0.2209    0.6259    0.0369    0.0172 1103.6705 1022.7915    1.1405
   33.0000    0.0380    0.0952    0.2209    0.6259    0.0369    0.0172 1103.6705 1022.7915    1.1405
   34.0000    0.0380    0.0952    0.2209    0.6259    0.0369    0.0172 1103.6705 1022.7915    1.1405
   35.0000    0.0380    0.0952    0.2209    0.6259    0.0369    0.0172 1103.6705 1022.7915    1.1405
   36.0000    0.0380    0.0952    0.2209    0.6259    0.0369    0.0172 1103.6706 1022.7914    1.1405
   37.0000    0.0380    0.0952    0.2209    0.6259    0.0369    0.0172 1103.6706 1022.7914    1.1405
   38.0000    0.0380    0.0952    0.2209    0.6259    0.0369    0.0172 1103.6706 1022.7914    1.1405
   39.0000    0.0380    0.0952    0.2209    0.6259    0.0369    0.0172 1103.6706 1022.7914    1.1405
   40.0000    0.0380    0.0952    0.2209    0.6259    0.0369    0.0172 1103.6707 1022.7914    1.1405
   41.0000    0.0380    0.0952    0.2209    0.6259    0.0369    0.0172 1103.6707 1022.7913    1.1405
   42.0000    0.0380    0.0952    0.2209    0.6259    0.0369    0.0172 1103.6707 1022.7913    1.1405
   43.0000    0.0380    0.0952    0.2209    0.6259    0.0369    0.0172 1103.6707 1022.7913    1.1405
   44.0000    0.0380    0.0952    0.2209    0.6259    0.0369    0.0172 1103.6708 1022.7913    1.1405
   45.0000    0.0380    0.0952    0.2209    0.6259    0.0369    0.0172 1103.6708 1022.7913    1.1406
   46.0000    0.0380    0.0952    0.2209    0.6259    0.0369    0.0172 1103.6708 1022.7912    1.1406
   47.0000    0.0380    0.0952    0.2209    0.6259    0.0369    0.0172 1103.6708 1022.7912    1.1406
   48.0000    0.0380    0.0952    0.2209    0.6259    0.0369    0.0172 1103.6709 1022.7912    1.1406
   49.0000    0.0380    0.0952    0.2209    0.6259    0.0369    0.0172 1103.6709 1022.7912    1.1406
   50.0000    0.0380    0.0952    0.2209    0.6259    0.0369    0.0172 1103.6709 1022.7912    1.1406
   51.0000    0.0380    0.0952    0.2209    0.6259    0.0369    0.0172 1103.6709 1022.7911    1.1406
   52.0000    0.0380    0.0952    0.2209    0.6259    0.0369    0.0172 1103.6710 1022.7911    1.1406
   53.0000    0.0380    0.0952    0.2209    0.6259    0.0369    0.0172 1103.6710 1022.7911    1.1406
   54.0000    0.0380    0.0952    0.2209    0.6259    0.0369    0.0172 1103.6710 1022.7911    1.1406
   55.0000    0.0380    0.0952    0.2209    0.6259    0.0369    0.0172 1103.6710 1022.7910    1.1406
   56.0000    0.0380    0.0952    0.2209    0.6259    0.0369    0.0172 1103.6711 1022.7910    1.1406
   57.0000    0.0380    0.0952    0.2209    0.6259    0.0369    0.0172 1103.6711 1022.7910    1.1406
   58.0000    0.0380    0.0952    0.2209    0.6259    0.0369    0.0172 1103.6711 1022.7910    1.1406
   59.0000    0.0380    0.0952    0.2209    0.6259    0.0369    0.0172 1103.6712 1022.7909    1.1406
   60.0000    0.0380    0.0952    0.2209    0.6259    0.0369    0.0172 1103.6712 1022.7909    1.1406
   61.0000    0.0380    0.0952    0.2209    0.6259    0.0369    0.0172 1103.6712 1022.7909    1.1406
   62.0000    0.0380    0.0952    0.2209    0.6259    0.0369    0.0172 1103.6712 1022.7909    1.1406
   63.0000    0.0380    0.0952    0.2209    0.6259    0.0369    0.0172 1103.6713 1022.7908    1.1406
   64.0000    0.0380    0.0952    0.2209    0.6259    0.0369    0.0172 1103.6713 1022.7908    1.1406
   65.0000    0.0380    0.0952    0.2209    0.6259    0.0369    0.0172 1103.6713 1022.7908    1.1406
   66.0000    0.0380    0.0952    0.2209    0.6259    0.0369    0.0172 1103.6714 1022.7908    1.1406
   67.0000    0.0380    0.0952    0.2209    0.6259    0.0369    0.0172 1103.6714 1022.7908    1.1406
   68.0000    0.0380    0.0952    0.2209    0.6259    0.0369    0.0172 1103.6714 1022.7907    1.1406
   69.0000    0.0380    0.0952    0.2209    0.6259    0.0369    0.0172 1103.6714 1022.7907    1.1406
   70.0000    0.0380    0.0952    0.2209    0.6259    0.0369    0.0172 1103.6715 1022.7907    1.1406
   71.0000    0.0380    0.0952    0.2209    0.6259    0.0369    0.0172 1103.6715 1022.7907    1.1406
   72.0000    0.0380    0.0952    0.2209    0.6259    0.0369    0.0172 1103.6715 1022.7906    1.1406
   73.0000    0.0380    0.0952    0.2209    0.6259    0.0369    0.0172 1103.6716 1022.7906    1.1406
   74.0000    0.0380    0.0952    0.2209    0.6259    0.0369    0.0172 1103.6716 1022.7906    1.1406
   75.0000    0.0380    0.0952    0.2209    0.6259    0.0369    0.0172 1103.6716 1022.7905    1.1406
   76.0000    0.0380    0.0952    0.2209    0.6259    0.0369    0.0172 1103.6717 1022.7905    1.1406
   77.0000    0.0380    0.0952    0.2209    0.6259    0.0369    0.0172 1103.6717 1022.7905    1.1406
   78.0000    0.0380    0.0952    0.2209    0.6259    0.0369    0.0172 1103.6717 1022.7905    1.1406
   79.0000    0.0380    0.0952    0.2209    0.6259    0.0369    0.0172 1103.6718 1022.7904    1.1406
   80.0000    0.0380    0.0952    0.2209    0.6259    0.0369    0.0172 1103.6718 1022.7904    1.1406
   81.0000    0.0380    0.0952    0.2209    0.6259    0.0369    0.0172 1103.6718 1022.7904    1.1406
   82.0000    0.0380    0.0952    0.2209    0.6259    0.0369    0.0172 1103.6718 1022.7904    1.1406
   83.0000    0.0380    0.0952    0.2209    0.6259    0.0369    0.0172 1103.6719 1022.7903    1.1406
   84.0000    0.0380    0.0952    0.2209    0.6259    0.0369    0.0172 1103.6719 1022.7903    1.1406
   85.0000    0.0380    0.0952    0.2209    0.6259    0.0369    0.0172 1103.6719 1022.7903    1.1406
   86.0000    0.0380    0.0952    0.2209    0.6259    0.0369    0.0172 1103.6720 1022.7903    1.1406
   87.0000    0.0380    0.0952    0.2209    0.6259    0.0369    0.0172 1103.6720 1022.7902    1.1406
   88.0000    0.0380    0.0952    0.2209    0.6259    0.0369    0.0172 1103.6720 1022.7902    1.1406
   89.0000    0.0380    0.0952    0.2209    0.6259    0.0369    0.0172 1103.6721 1022.7902    1.1406
   90.0000    0.0380    0.0952    0.2209    0.6259    0.0369    0.0172 1103.6721 1022.7901    1.1406
   91.0000    0.0380    0.0952    0.2209    0.6259    0.0369    0.0172 1103.6721 1022.7901    1.1406
   92.0000    0.0380    0.0952    0.2209    0.6259    0.0369    0.0172 1103.6722 1022.7901    1.1406
   93.0000    0.0380    0.0952    0.2209    0.6259    0.0369    0.0172 1103.6722 1022.7901    1.1406
   94.0000    0.0380    0.0952    0.2209    0.6259    0.0369    0.0172 1103.6723 1022.7900    1.1406
   95.0000    0.0380    0.0952    0.2209    0.6259    0.0369    0.0172 1103.6723 1022.7900    1.1406
   96.0000    0.0380    0.0952    0.2209    0.6259    0.0369    0.0172 1103.6723 1022.7900    1.1406
   97.0000    0.0380    0.0952    0.2209    0.6259    0.0369    0.0172 1103.6724 1022.7899    1.1406
   98.0000    0.0380    0.0952    0.2209    0.6259    0.0369    0.0172 1103.6724 1022.7899    1.1406
   99.0000    0.0380    0.0952    0.2209    0.6259    0.0369    0.0172 1103.6724 1022.7899    1.1406
  100.0000    0.0380    0.0952    0.2209    0.6259    0.0369    0.0172 1103.6725 1022.7898    1.1406
