         t         y         k       L_H       L_L       c_H       c_L       V_H       V_L      V_HL
    0.0000    0.0497    0.1249    0.2292    0.6389    0.0372    0.0178 1123.0759 1043.2565    1.0902
    1.0000    0.0491    0.1249    0.2292    0.6389    0.0372    0.0178 1124.4561 1044.5386    1.0902
    2.0000    0.0486    0.1249    0.2292    0.6389    0.0372    0.0178 1125.7938 1045.7812    1.0902
    3.0000    0.0482    0.1249    0.2292    0.6389    0.0372    0.0178 1127.1016 1046.9960    1.0902
    4.0000    0.0478    0.1248    0.2292    0.6389    0.0372    0.0178 1128.3875 1048.1906    1.0902
    5.0000    0.0474    0.1246    0.2292    0.6389    0.0372    0.0178 1129.6539 1049.3669    1.0902
    6.0000    0.0470    0.1241    0.2292    0.6389    0.0372    0.0178 1130.8959 1050.5207    1.0902
    7.0000    0.0466    0.1232    0.2292    0.6389    0.0372    0.0178 1132.0927 1051.6324    1.0902
    8.0000    0.0461    0.1217    0.2292    0.6389    0.0372    0.0178 1133.2223 1052.6817    1.0902
    9.0000    0.0454    0.1196    0.2292    0.6389    0.0372    0.0178 1134.2560 1053.6420    1.0902
   10.0000    0.0447    0.1170    0.2292    0.6389    0.0372    0.0178 1135.1763 1054.4969    1.0902
   11.0000    0.0439    0.1139    0.2292    0.6389    0.0371    0.0178 1135.9640 1055.2286    1.0902
   12.0000    0.0431    0.1107    0.2292    0.6389    0.0371    0.0178 1136.6083 1055.8271    1.0902
   13.0000    0.0423    0.1076    0.2292    0.6389    0.0371    0.0178 1137.1098 1056.2929    1.0902
   14.0000    0.0415    0.1048    0.2292    0.6389    0.0371    0.0178 1137.4815 1056.6383    1.0902
   15.0000    0.0408    0.1024    0.2292    0.6389    0.0371    0.0178 1137.7443 1056.8823    1.0902
   16.0000    0.0402    0.1006    0.2292    0.6389    0.0371    0.0178 1137.9214 1057.0469    1.0902
   17.0000    0.0398    0.0993    0.2292    0.6389    0.0372    0.0178 1138.0346 1057.1521    1.0902
   18.0000    0.0394    0.0984    0.2292    0.6389    0.0372    0.0178 1138.1045 1057.2170    1.0902
   19.0000    0.0392    0.0979    0.2292    0.6389    0.0372    0.0178 1138.1458 1057.2554    1.0902
   20.0000    0.0391    0.0975    0.2292    0.6389    0.0372    0.0178 1138.1692 1057.2771    1.0902
   21.0000    0.0390    0.0973    0.2292    0.6389    0.0372    0.0178 1138.1819 1057.2889    1.0902
   22.0000    0.0390    0.0972    0.2292    0.6389    0.0372    0.0178 1138.1886 1057.2951    1.0902
   23.0000    0.0389    0.0971    0.2292    0.6389    0.0372    0.0178 1138.1919 1057.2982    1.0902
   24.0000    0.0389    0.0971    0.2292    0.6389    0.0372    0.0178 1138.1936 1057.2997    1.0902
   25.0000    0.0389    0.0971    0.2292    0.6389    0.0372    0.0178 1138.1943 1057.3004    1.0902
   26.0000    0.0389    0.0971    0.2292    0.6389    0.0372    0.0178 1138.1947 1057.3007    1.0902
   27.0000    0.0389    0.0971    0.2292    0.6389    0.0372    0.0178 1138.1948 1057.3009    1.0902
   28.0000    0.0389    0.0971    0.2292    0.6389    0.0372    0.0178 1138.1949 1057.3009    1.0902
   29.0000    0.0389    0.0971    0.2292    0.6389    0.0372    0.0178 1138.1949 1057.3010    1.0902
   30.0000    0.0389    0.0971    0.2292    0.6389    0.0372    0.0178 1138.1949 1057.3010    1.0902
   31.0000    0.0389    0.0971    0.2292    0.6389    0.0372    0.0178 1138.1949 1057.3010    1.0902
   32.0000    0.0389    0.0971    0.2292    0.6389    0.0372    0.0178 1138.1949 1057.3010    1.0902
   33.0000    0.0389    0.0971    0.2292    0.6389    0.0372    0.0178 1138.1949 1057.3010    1.0902
   34.0000    0.0389    0.0971    0.2292    0.6389    0.0372    0.0178 1138.1949 1057.3010    1.0902
   35.0000    0.0389    0.0971    0.2292    0.6389    0.0372    0.0178 1138.1949 1057.3010    1.0902
   36.0000    0.0389    0.0971    0.2292    0.6389    0.0372    0.0178 1138.1949 1057.3010    1.0902
   37.0000    0.0389    0.0971    0.2292    0.6389    0.0372    0.0178 1138.1949 1057.3010    1.0902
   38.0000    0.0389    0.0971    0.2292    0.6389    0.0372    0.0178 1138.1949 1057.3010    1.0902
   39.0000    0.0389    0.0971    0.2292    0.6389    0.0372    0.0178 1138.1949 1057.3010    1.0902
   40.0000    0.0389    0.0971    0.2292    0.6389    0.0372    0.0178 1138.1949 1057.3010    1.0902
   41.0000    0.0389    0.0971    0.2292    0.6389    0.0372    0.0178 1138.1949 1057.3010    1.0902
   42.0000    0.0389    0.0971    0.2292    0.6389    0.0372    0.0178 1138.1949 1057.3010    1.0902
   43.0000    0.0389    0.0971    0.2292    0.6389    0.0372    0.0178 1138.1949 1057.3010    1.0902
   44.0000    0.0389    0.0971    0.2292    0.6389    0.0372    0.0178 1138.1949 1057.3010    1.0902
   45.0000    0.0389    0.0971    0.2292    0.6389    0.0372    0.0178 1138.1949 1057.3010    1.0902
   46.0000    0.0389    0.0971    0.2292    0.6389    0.0372    0.0178 1138.1949 1057.3010    1.0902
   47.0000    0.0389    0.0971    0.2292    0.6389    0.0372    0.0178 1138.1949 1057.3010    1.0902
   48.0000    0.0389    0.0971    0.2292    0.6389    0.0372    0.0178 1138.1949 1057.3010    1.0902
   49.0000    0.0389    0.0971    0.2292    0.6389    0.0372    0.0178 1138.1949 1057.3010    1.0902
   50.0000    0.0389    0.0971    0.2292    0.6389    0.0372    0.0178 1138.1949 1057.3010    1.0902
   51.0000    0.0389    0.0971    0.2292    0.6389    0.0372    0.0178 1138.1949 1057.3010    1.0902
   52.0000    0.0389    0.0971    0.2292    0.6389    0.0372    0.0178 1138.1949 1057.3010    1.0902
   53.0000    0.0389    0.0971    0.2292    0.6389    0.0372    0.0178 1138.1949 1057.3010    1.0902
   54.0000    0.0389    0.0971    0.2292    0.6389    0.0372    0.0178 1138.1949 1057.3010    1.0902
   55.0000    0.0389    0.0971    0.2292    0.6389    0.0372    0.0178 1138.1949 1057.3010    1.0902
   56.0000    0.0389    0.0971    0.2292    0.6389    0.0372    0.0178 1138.1949 1057.3010    1.0902
   57.0000    0.0389    0.0971    0.2292    0.6389    0.0372    0.0178 1138.1949 1057.3010    1.0902
   58.0000    0.0389    0.0971    0.2292    0.6389    0.0372    0.0178 1138.1949 1057.3010    1.0902
   59.0000    0.0389    0.0971    0.2292    0.6389    0.0372    0.0178 1138.1949 1057.3010    1.0902
   60.0000    0.0389    0.0971    0.2292    0.6389    0.0372    0.0178 1138.1949 1057.3010    1.0902
   61.0000    0.0389    0.0971    0.2292    0.6389    0.0372    0.0178 1138.1949 1057.3010    1.0902
   62.0000    0.0389    0.0971    0.2292    0.6389    0.0372    0.0178 1138.1949 1057.3010    1.0902
   63.0000    0.0389    0.0971    0.2292    0.6389    0.0372    0.0178 1138.1949 1057.3010    1.0902
   64.0000    0.0389    0.0971    0.2292    0.6389    0.0372    0.0178 1138.1949 1057.3010    1.0902
   65.0000    0.0389    0.0971    0.2292    0.6389    0.0372    0.0178 1138.1949 1057.3010    1.0902
   66.0000    0.0389    0.0971    0.2292    0.6389    0.0372    0.0178 1138.1949 1057.3010    1.0902
   67.0000    0.0389    0.0971    0.2292    0.6389    0.0372    0.0178 1138.1949 1057.3010    1.0902
   68.0000    0.0389    0.0971    0.2292    0.6389    0.0372    0.0178 1138.1949 1057.3010    1.0902
   69.0000    0.0389    0.0971    0.2292    0.6389    0.0372    0.0178 1138.1949 1057.3010    1.0902
   70.0000    0.0389    0.0971    0.2292    0.6389    0.0372    0.0178 1138.1949 1057.3010    1.0902
   71.0000    0.0389    0.0971    0.2292    0.6389    0.0372    0.0178 1138.1949 1057.3010    1.0902
   72.0000    0.0389    0.0971    0.2292    0.6389    0.0372    0.0178 1138.1949 1057.3010    1.0902
   73.0000    0.0389    0.0971    0.2292    0.6389    0.0372    0.0178 1138.1949 1057.3010    1.0902
   74.0000    0.0389    0.0971    0.2292    0.6389    0.0372    0.0178 1138.1949 1057.3010    1.0902
   75.0000    0.0389    0.0971    0.2292    0.6389    0.0372    0.0178 1138.1949 1057.3010    1.0902
   76.0000    0.0389    0.0971    0.2292    0.6389    0.0372    0.0178 1138.1949 1057.3010    1.0902
   77.0000    0.0389    0.0971    0.2292    0.6389    0.0372    0.0178 1138.1949 1057.3010    1.0902
   78.0000    0.0389    0.0971    0.2292    0.6389    0.0372    0.0178 1138.1949 1057.3010    1.0902
   79.0000    0.0389    0.0971    0.2292    0.6389    0.0372    0.0178 1138.1949 1057.3010    1.0902
   80.0000    0.0389    0.0971    0.2292    0.6389    0.0372    0.0178 1138.1949 1057.3010    1.0902
   81.0000    0.0389    0.0971    0.2292    0.6389    0.0372    0.0178 1138.1949 1057.3010    1.0902
   82.0000    0.0389    0.0971    0.2292    0.6389    0.0372    0.0178 1138.1949 1057.3010    1.0902
   83.0000    0.0389    0.0971    0.2292    0.6389    0.0372    0.0178 1138.1949 1057.3010    1.0902
   84.0000    0.0389    0.0971    0.2292    0.6389    0.0372    0.0178 1138.1949 1057.3010    1.0902
   85.0000    0.0389    0.0971    0.2292    0.6389    0.0372    0.0178 1138.1949 1057.3010    1.0902
   86.0000    0.0389    0.0971    0.2292    0.6389    0.0372    0.0178 1138.1949 1057.3010    1.0902
   87.0000    0.0389    0.0971    0.2292    0.6389    0.0372    0.0178 1138.1949 1057.3010    1.0902
   88.0000    0.0389    0.0971    0.2292    0.6389    0.0372    0.0178 1138.1949 1057.3010    1.0902
   89.0000    0.0389    0.0971    0.2292    0.6389    0.0372    0.0178 1138.1949 1057.3010    1.0902
   90.0000    0.0389    0.0971    0.2292    0.6389    0.0372    0.0178 1138.1949 1057.3010    1.0902
   91.0000    0.0389    0.0971    0.2292    0.6389    0.0372    0.0178 1138.1949 1057.3010    1.0902
   92.0000    0.0389    0.0971    0.2292    0.6389    0.0372    0.0178 1138.1949 1057.3010    1.0902
   93.0000    0.0389    0.0971    0.2292    0.6389    0.0372    0.0178 1138.1949 1057.3010    1.0902
   94.0000    0.0389    0.0971    0.2292    0.6389    0.0372    0.0178 1138.1949 1057.3010    1.0902
   95.0000    0.0389    0.0971    0.2292    0.6389    0.0372    0.0178 1138.1949 1057.3010    1.0902
   96.0000    0.0389    0.0971    0.2292    0.6389    0.0372    0.0178 1138.1949 1057.3010    1.0902
   97.0000    0.0389    0.0971    0.2292    0.6389    0.0372    0.0178 1138.1949 1057.3010    1.0902
   98.0000    0.0389    0.0971    0.2292    0.6389    0.0372    0.0178 1138.1949 1057.3010    1.0902
   99.0000    0.0389    0.0971    0.2292    0.6389    0.0372    0.0178 1138.1949 1057.3010    1.0902
  100.0000    0.0389    0.0971    0.2292    0.6389    0.0372    0.0178 1138.1949 1057.3010    1.0902
