         t         y         k       L_H       L_L       c_H       c_L       V_H       V_L      V_HL
    0.0000    0.0497    0.1249    0.2292    0.6389    0.0375    0.0181 1125.5077 1046.3073    1.0744
    1.0000    0.0491    0.1249    0.2292    0.6389    0.0375    0.0181 1126.8886 1047.5910    1.0744
    2.0000    0.0486    0.1249    0.2292    0.6389    0.0376    0.0181 1128.2266 1048.8348    1.0744
    3.0000    0.0482    0.1249    0.2292    0.6389    0.0376    0.0181 1129.5339 1050.0501    1.0744
    4.0000    0.0477    0.1247    0.2292    0.6389    0.0376    0.0181 1130.8171 1051.2430    1.0744
    5.0000    0.0474    0.1244    0.2292    0.6389    0.0376    0.0181 1132.0759 1052.4133    1.0744
    6.0000    0.0470    0.1237    0.2292    0.6389    0.0375    0.0181 1133.3018 1053.5529    1.0744
    7.0000    0.0465    0.1224    0.2292    0.6389    0.0375    0.0181 1134.4688 1054.6378    1.0744
    8.0000    0.0459    0.1206    0.2292    0.6389    0.0375    0.0181 1135.5504 1055.6433    1.0744
    9.0000    0.0451    0.1180    0.2292    0.6389    0.0375    0.0181 1136.5175 1056.5423    1.0744
   10.0000    0.0443    0.1150    0.2292    0.6389    0.0375    0.0181 1137.3539 1057.3198    1.0744
   11.0000    0.0435    0.1118    0.2292    0.6389    0.0375    0.0181 1138.0450 1057.9623    1.0744
   12.0000    0.0427    0.1085    0.2292    0.6389    0.0375    0.0181 1138.5877 1058.4669    1.0744
   13.0000    0.0419    0.1056    0.2292    0.6389    0.0375    0.0181 1138.9917 1058.8424    1.0744
   14.0000    0.0412    0.1031    0.2292    0.6389    0.0375    0.0181 1139.2772 1059.1079    1.0744
   15.0000    0.0405    0.1011    0.2292    0.6389    0.0375    0.0181 1139.4691 1059.2862    1.0744
   16.0000    0.0400    0.0997    0.2292    0.6389    0.0375    0.0181 1139.5910 1059.3995    1.0744
   17.0000    0.0397    0.0987    0.2292    0.6389    0.0375    0.0181 1139.6634 1059.4669    1.0744
   18.0000    0.0395    0.0980    0.2292    0.6389    0.0375    0.0181 1139.7039 1059.5045    1.0744
   19.0000    0.0393    0.0977    0.2292    0.6389    0.0375    0.0181 1139.7242 1059.5234    1.0744
   20.0000    0.0392    0.0974    0.2292    0.6389    0.0375    0.0181 1139.7326 1059.5312    1.0744
   21.0000    0.0392    0.0973    0.2292    0.6389    0.0375    0.0181 1139.7350 1059.5334    1.0744
   22.0000    0.0392    0.0973    0.2292    0.6389    0.0375    0.0181 1139.7356 1059.5340    1.0744
   23.0000    0.0392    0.0973    0.2292    0.6389    0.0375    0.0181 1139.7360 1059.5343    1.0744
   24.0000    0.0392    0.0973    0.2292    0.6389    0.0375    0.0181 1139.7362 1059.5345    1.0744
   25.0000    0.0392    0.0973    0.2292    0.6389    0.0375    0.0181 1139.7363 1059.5346    1.0744
   26.0000    0.0392    0.0973    0.2292    0.6389    0.0375    0.0181 1139.7364 1059.5347    1.0744
   27.0000    0.0392    0.0973    0.2292    0.6389    0.0375    0.0181 1139.7364 1059.5347    1.0744
   28.0000    0.0392    0.0973    0.2292    0.6389    0.0375    0.0181 1139.7364 1059.5347    1.0744
   29.0000    0.0392    0.0973    0.2292    0.6389    0.0375    0.0181 1139.7364 1059.5347    1.0744
   30.0000    0.0392    0.0973    0.2292    0.6389    0.0375    0.0181 1139.7364 1059.5347    1.0744
   31.0000    0.0392    0.0973    0.2292    0.6389    0.0375    0.0181 1139.7364 1059.5347    1.0744
   32.0000    0.0392    0.0973    0.2292    0.6389    0.0375    0.0181 1139.7364 1059.5347    1.0744
   33.0000    0.0392    0.0973    0.2292    0.6389    0.0375    0.0181 1139.7364 1059.5347    1.0744
   34.0000    0.0392    0.0973    0.2292    0.6389    0.0375    0.0181 1139.7364 1059.5347    1.0744
   35.0000    0.0392    0.0973    0.2292    0.6389    0.0375    0.0181 1139.7364 1059.5347    1.0744
   36.0000    0.0392    0.0973    0.2292    0.6389    0.0375    0.0181 1139.7364 1059.5347    1.0744
   37.0000    0.0392    0.0973    0.2292    0.6389    0.0375    0.0181 1139.7364 1059.5347    1.0744
   38.0000    0.0392    0.0973    0.2292    0.6389    0.0375    0.0181 1139.7364 1059.5347    1.0744
   39.0000    0.0392    0.0973    0.2292    0.6389    0.0375    0.0181 1139.7364 1059.5347    1.0744
   40.0000    0.0392    0.0973    0.2292    0.6389    0.0375    0.0181 1139.7364 1059.5347    1.0744
   41.0000    0.0392    0.0973    0.2292    0.6389    0.0375    0.0181 1139.7364 1059.5347    1.0744
   42.0000    0.0392    0.0973    0.2292    0.6389    0.0375    0.0181 1139.7364 1059.5347    1.0744
   43.0000    0.0392    0.0973    0.2292    0.6389    0.0375    0.0181 1139.7364 1059.5347    1.0744
   44.0000    0.0392    0.0973    0.2292    0.6389    0.0375    0.0181 1139.7364 1059.5347    1.0744
   45.0000    0.0392    0.0973    0.2292    0.6389    0.0375    0.0181 1139.7364 1059.5347    1.0744
   46.0000    0.0392    0.0973    0.2292    0.6389    0.0375    0.0181 1139.7364 1059.5347    1.0744
   47.0000    0.0392    0.0973    0.2292    0.6389    0.0375    0.0181 1139.7364 1059.5347    1.0744
   48.0000    0.0392    0.0973    0.2292    0.6389    0.0375    0.0181 1139.7364 1059.5347    1.0744
   49.0000    0.0392    0.0973    0.2292    0.6389    0.0375    0.0181 1139.7364 1059.5347    1.0744
   50.0000    0.0392    0.0973    0.2292    0.6389    0.0375    0.0181 1139.7364 1059.5347    1.0744
   51.0000    0.0392    0.0973    0.2292    0.6389    0.0375    0.0181 1139.7364 1059.5347    1.0744
   52.0000    0.0392    0.0973    0.2292    0.6389    0.0375    0.0181 1139.7364 1059.5347    1.0744
   53.0000    0.0392    0.0973    0.2292    0.6389    0.0375    0.0181 1139.7364 1059.5347    1.0744
   54.0000    0.0392    0.0973    0.2292    0.6389    0.0375    0.0181 1139.7364 1059.5347    1.0744
   55.0000    0.0392    0.0973    0.2292    0.6389    0.0375    0.0181 1139.7364 1059.5347    1.0744
   56.0000    0.0392    0.0973    0.2292    0.6389    0.0375    0.0181 1139.7364 1059.5347    1.0744
   57.0000    0.0392    0.0973    0.2292    0.6389    0.0375    0.0181 1139.7364 1059.5347    1.0744
   58.0000    0.0392    0.0973    0.2292    0.6389    0.0375    0.0181 1139.7364 1059.5347    1.0744
   59.0000    0.0392    0.0973    0.2292    0.6389    0.0375    0.0181 1139.7364 1059.5347    1.0744
   60.0000    0.0392    0.0973    0.2292    0.6389    0.0375    0.0181 1139.7364 1059.5347    1.0744
   61.0000    0.0392    0.0973    0.2292    0.6389    0.0375    0.0181 1139.7364 1059.5347    1.0744
   62.0000    0.0392    0.0973    0.2292    0.6389    0.0375    0.0181 1139.7364 1059.5347    1.0744
   63.0000    0.0392    0.0973    0.2292    0.6389    0.0375    0.0181 1139.7364 1059.5347    1.0744
   64.0000    0.0392    0.0973    0.2292    0.6389    0.0375    0.0181 1139.7364 1059.5347    1.0744
   65.0000    0.0392    0.0973    0.2292    0.6389    0.0375    0.0181 1139.7364 1059.5347    1.0744
   66.0000    0.0392    0.0973    0.2292    0.6389    0.0375    0.0181 1139.7364 1059.5347    1.0744
   67.0000    0.0392    0.0973    0.2292    0.6389    0.0375    0.0181 1139.7364 1059.5347    1.0744
   68.0000    0.0392    0.0973    0.2292    0.6389    0.0375    0.0181 1139.7364 1059.5347    1.0744
   69.0000    0.0392    0.0973    0.2292    0.6389    0.0375    0.0181 1139.7364 1059.5347    1.0744
   70.0000    0.0392    0.0973    0.2292    0.6389    0.0375    0.0181 1139.7364 1059.5347    1.0744
   71.0000    0.0392    0.0973    0.2292    0.6389    0.0375    0.0181 1139.7364 1059.5347    1.0744
   72.0000    0.0392    0.0973    0.2292    0.6389    0.0375    0.0181 1139.7364 1059.5347    1.0744
   73.0000    0.0392    0.0973    0.2292    0.6389    0.0375    0.0181 1139.7364 1059.5347    1.0744
   74.0000    0.0392    0.0973    0.2292    0.6389    0.0375    0.0181 1139.7364 1059.5347    1.0744
   75.0000    0.0392    0.0973    0.2292    0.6389    0.0375    0.0181 1139.7364 1059.5347    1.0744
   76.0000    0.0392    0.0973    0.2292    0.6389    0.0375    0.0181 1139.7364 1059.5347    1.0744
   77.0000    0.0392    0.0973    0.2292    0.6389    0.0375    0.0181 1139.7364 1059.5347    1.0744
   78.0000    0.0392    0.0973    0.2292    0.6389    0.0375    0.0181 1139.7364 1059.5347    1.0744
   79.0000    0.0392    0.0973    0.2292    0.6389    0.0375    0.0181 1139.7364 1059.5347    1.0744
   80.0000    0.0392    0.0973    0.2292    0.6389    0.0375    0.0181 1139.7364 1059.5347    1.0744
   81.0000    0.0392    0.0973    0.2292    0.6389    0.0375    0.0181 1139.7364 1059.5347    1.0744
   82.0000    0.0392    0.0973    0.2292    0.6389    0.0375    0.0181 1139.7364 1059.5347    1.0744
   83.0000    0.0392    0.0973    0.2292    0.6389    0.0375    0.0181 1139.7364 1059.5347    1.0744
   84.0000    0.0392    0.0973    0.2292    0.6389    0.0375    0.0181 1139.7364 1059.5347    1.0744
   85.0000    0.0392    0.0973    0.2292    0.6389    0.0375    0.0181 1139.7364 1059.5347    1.0744
   86.0000    0.0392    0.0973    0.2292    0.6389    0.0375    0.0181 1139.7364 1059.5347    1.0744
   87.0000    0.0392    0.0973    0.2292    0.6389    0.0375    0.0181 1139.7364 1059.5347    1.0744
   88.0000    0.0392    0.0973    0.2292    0.6389    0.0375    0.0181 1139.7364 1059.5347    1.0744
   89.0000    0.0392    0.0973    0.2292    0.6389    0.0375    0.0181 1139.7364 1059.5347    1.0744
   90.0000    0.0392    0.0973    0.2292    0.6389    0.0375    0.0181 1139.7364 1059.5347    1.0744
   91.0000    0.0392    0.0973    0.2292    0.6389    0.0375    0.0181 1139.7364 1059.5347    1.0744
   92.0000    0.0392    0.0973    0.2292    0.6389    0.0375    0.0181 1139.7364 1059.5347    1.0744
   93.0000    0.0392    0.0973    0.2292    0.6389    0.0375    0.0181 1139.7364 1059.5347    1.0744
   94.0000    0.0392    0.0973    0.2292    0.6389    0.0375    0.0181 1139.7364 1059.5347    1.0744
   95.0000    0.0392    0.0973    0.2292    0.6389    0.0375    0.0181 1139.7364 1059.5347    1.0744
   96.0000    0.0392    0.0973    0.2292    0.6389    0.0375    0.0181 1139.7364 1059.5347    1.0744
   97.0000    0.0392    0.0973    0.2292    0.6389    0.0375    0.0181 1139.7364 1059.5347    1.0744
   98.0000    0.0392    0.0973    0.2292    0.6389    0.0375    0.0181 1139.7364 1059.5347    1.0744
   99.0000    0.0392    0.0973    0.2292    0.6389    0.0375    0.0181 1139.7364 1059.5347    1.0744
  100.0000    0.0392    0.0973    0.2292    0.6389    0.0375    0.0181 1139.7364 1059.5347    1.0744
