         t         r       w_H       w_L      w_HL      s_LH      s_LL
    0.0000    0.0523    0.0366    0.0262    1.4012    0.1689    0.3360
    1.0000    0.0491    0.0368    0.0259    1.4220    0.1503    0.3403
    2.0000    0.0498    0.0358    0.0250    1.4300    0.1477    0.3368
    3.0000    0.0501    0.0348    0.0242    1.4373    0.1457    0.3318
    4.0000    0.0504    0.0338    0.0234    1.4450    0.1434    0.3270
    5.0000    0.0505    0.0327    0.0225    1.4526    0.1413    0.3217
    6.0000    0.0506    0.0317    0.0217    1.4604    0.1389    0.3164
    7.0000    0.0507    0.0316    0.0216    1.4620    0.1392    0.3164
    8.0000    0.0507    0.0316    0.0216    1.4636    0.1393    0.3163
    9.0000    0.0507    0.0316    0.0216    1.4654    0.1393    0.3165
   10.0000    0.0508    0.0316    0.0216    1.4671    0.1394    0.3165
   11.0000    0.0507    0.0316    0.0215    1.4687    0.1394    0.3163
   12.0000    0.0507    0.0316    0.0215    1.4703    0.1395    0.3161
   13.0000    0.0505    0.0317    0.0215    1.4722    0.1393    0.3159
   14.0000    0.0504    0.0317    0.0215    1.4738    0.1393    0.3155
   15.0000    0.0503    0.0317    0.0215    1.4755    0.1393    0.3153
   16.0000    0.0502    0.0317    0.0215    1.4771    0.1393    0.3151
   17.0000    0.0501    0.0317    0.0215    1.4788    0.1393    0.3149
   18.0000    0.0501    0.0318    0.0215    1.4805    0.1393    0.3147
   19.0000    0.0500    0.0318    0.0214    1.4822    0.1393    0.3146
   20.0000    0.0500    0.0318    0.0214    1.4839    0.1393    0.3145
   21.0000    0.0499    0.0318    0.0214    1.4855    0.1395    0.3141
   22.0000    0.0499    0.0318    0.0214    1.4873    0.1395    0.3141
   23.0000    0.0499    0.0318    0.0213    1.4892    0.1394    0.3142
   24.0000    0.0498    0.0318    0.0213    1.4909    0.1394    0.3140
   25.0000    0.0498    0.0318    0.0213    1.4929    0.1394    0.3140
   26.0000    0.0497    0.0318    0.0213    1.4947    0.1396    0.3136
   27.0000    0.0497    0.0318    0.0213    1.4969    0.1396    0.3136
   28.0000    0.0497    0.0318    0.0212    1.4993    0.1397    0.3135
   29.0000    0.0497    0.0318    0.0212    1.5020    0.1398    0.3135
   30.0000    0.0497    0.0318    0.0211    1.5051    0.1400    0.3133
   31.0000    0.0499    0.0318    0.0211    1.5088    0.1400    0.3135
   32.0000    0.0500    0.0318    0.0210    1.5131    0.1402    0.3137
   33.0000    0.0501    0.0317    0.0209    1.5180    0.1405    0.3137
   34.0000    0.0503    0.0317    0.0208    1.5235    0.1409    0.3138
   35.0000    0.0506    0.0316    0.0207    1.5299    0.1414    0.3142
   36.0000    0.0511    0.0315    0.0205    1.5370    0.1417    0.3149
   37.0000    0.0516    0.0314    0.0203    1.5444    0.1424    0.3155
   38.0000    0.0525    0.0313    0.0201    1.5525    0.1430    0.3171
   39.0000    0.0535    0.0310    0.0199    1.5585    0.1461    0.3167
   40.0000    0.0550    0.0307    0.0196    1.5640    0.1495    0.3169
   41.0000    0.0558    0.0306    0.0195    1.5674    0.1540    0.3142
   42.0000    0.0555    0.0306    0.0195    1.5706    0.1571    0.3104
   43.0000    0.0580    0.0301    0.0191    1.5742    0.1610    0.3125
   44.0000    0.0588    0.0299    0.0190    1.5750    0.1662    0.3091
   45.0000    0.0581    0.0300    0.0190    1.5786    0.1664    0.3073
   46.0000    0.0581    0.0300    0.0190    1.5828    0.1659    0.3079
   47.0000    0.0580    0.0300    0.0190    1.5839    0.1680    0.3055
   48.0000    0.0579    0.0301    0.0189    1.5870    0.1673    0.3058
   49.0000    0.0581    0.0300    0.0189    1.5890    0.1673    0.3065
   50.0000    0.0582    0.0300    0.0189    1.5880    0.1697    0.3042
   51.0000    0.0598    0.0297    0.0187    1.5893    0.1702    0.3073
   52.0000    0.0615    0.0295    0.0185    1.5896    0.1715    0.3099
   53.0000    0.0615    0.0295    0.0185    1.5896    0.1715    0.3099
   54.0000    0.0615    0.0295    0.0185    1.5896    0.1715    0.3099
   55.0000    0.0615    0.0295    0.0185    1.5896    0.1715    0.3099
   56.0000    0.0615    0.0295    0.0185    1.5896    0.1715    0.3099
   57.0000    0.0615    0.0295    0.0185    1.5896    0.1715    0.3099
   58.0000    0.0615    0.0295    0.0185    1.5896    0.1715    0.3099
   59.0000    0.0615    0.0295    0.0185    1.5896    0.1715    0.3099
   60.0000    0.0615    0.0295    0.0185    1.5896    0.1715    0.3099
   61.0000    0.0615    0.0295    0.0185    1.5897    0.1715    0.3099
   62.0000    0.0615    0.0295    0.0185    1.5897    0.1715    0.3099
   63.0000    0.0615    0.0295    0.0185    1.5897    0.1715    0.3099
   64.0000    0.0615    0.0295    0.0185    1.5897    0.1715    0.3099
   65.0000    0.0615    0.0295    0.0185    1.5897    0.1715    0.3099
   66.0000    0.0615    0.0295    0.0185    1.5897    0.1715    0.3099
   67.0000    0.0615    0.0295    0.0185    1.5897    0.1715    0.3099
   68.0000    0.0615    0.0295    0.0185    1.5897    0.1715    0.3099
   69.0000    0.0615    0.0295    0.0185    1.5897    0.1715    0.3099
   70.0000    0.0615    0.0295    0.0185    1.5897    0.1715    0.3099
   71.0000    0.0615    0.0295    0.0185    1.5897    0.1715    0.3099
   72.0000    0.0615    0.0295    0.0185    1.5897    0.1715    0.3099
   73.0000    0.0615    0.0295    0.0185    1.5897    0.1715    0.3099
   74.0000    0.0615    0.0295    0.0185    1.5897    0.1715    0.3099
   75.0000    0.0615    0.0295    0.0185    1.5897    0.1715    0.3099
   76.0000    0.0615    0.0295    0.0185    1.5897    0.1715    0.3099
   77.0000    0.0615    0.0295    0.0185    1.5897    0.1715    0.3099
   78.0000    0.0615    0.0295    0.0185    1.5897    0.1715    0.3099
   79.0000    0.0615    0.0295    0.0185    1.5897    0.1715    0.3099
   80.0000    0.0615    0.0295    0.0185    1.5897    0.1715    0.3099
   81.0000    0.0615    0.0295    0.0185    1.5897    0.1715    0.3099
   82.0000    0.0615    0.0295    0.0185    1.5897    0.1715    0.3099
   83.0000    0.0615    0.0295    0.0185    1.5897    0.1715    0.3099
   84.0000    0.0615    0.0295    0.0185    1.5897    0.1715    0.3099
   85.0000    0.0615    0.0295    0.0185    1.5897    0.1715    0.3099
   86.0000    0.0615    0.0295    0.0185    1.5897    0.1715    0.3099
   87.0000    0.0615    0.0295    0.0185    1.5897    0.1715    0.3099
   88.0000    0.0615    0.0295    0.0185    1.5897    0.1715    0.3099
   89.0000    0.0615    0.0295    0.0185    1.5897    0.1715    0.3099
   90.0000    0.0615    0.0295    0.0185    1.5897    0.1715    0.3099
   91.0000    0.0615    0.0295    0.0185    1.5897    0.1715    0.3099
   92.0000    0.0615    0.0295    0.0185    1.5897    0.1715    0.3099
   93.0000    0.0615    0.0295    0.0185    1.5897    0.1715    0.3099
   94.0000    0.0615    0.0295    0.0185    1.5897    0.1715    0.3099
   95.0000    0.0615    0.0295    0.0185    1.5897    0.1715    0.3099
   96.0000    0.0615    0.0295    0.0185    1.5897    0.1715    0.3099
   97.0000    0.0615    0.0295    0.0185    1.5897    0.1715    0.3099
   98.0000    0.0615    0.0295    0.0185    1.5897    0.1715    0.3099
   99.0000    0.0615    0.0295    0.0185    1.5897    0.1715    0.3099
  100.0000    0.0615    0.0295    0.0185    1.5897    0.1715    0.3099
