         t         N         I         S      h_HL       h_H       h_L       Eta   Gamma_H   Gamma_L
    0.0000    1.0000    0.6818    0.9068   -0.8098   -0.8098    0.0000    0.6495    0.0622    0.0963
    1.0000    1.0187    0.6876    0.9081   -0.8098   -0.8072    0.0026    0.6557    0.0613    0.0945
    2.0000    1.0374    0.6933    0.9095   -0.8098   -0.8046    0.0052    0.6618    0.0603    0.0928
    3.0000    1.0563    0.6989    0.9108   -0.8098   -0.8020    0.0078    0.6678    0.0594    0.0910
    4.0000    1.0752    0.7044    0.9122   -0.8098   -0.7994    0.0104    0.6738    0.0585    0.0893
    5.0000    1.0942    0.7098    0.9135   -0.8098   -0.7968    0.0131    0.6796    0.0576    0.0876
    6.0000    1.1133    0.7151    0.9148   -0.8098   -0.7942    0.0157    0.6854    0.0567    0.0859
    7.0000    1.1325    0.7204    0.9161   -0.8098   -0.7916    0.0183    0.6911    0.0558    0.0843
    8.0000    1.1517    0.7256    0.9174   -0.8098   -0.7889    0.0209    0.6967    0.0549    0.0827
    9.0000    1.1710    0.7307    0.9187   -0.8098   -0.7863    0.0235    0.7022    0.0540    0.0810
   10.0000    1.1903    0.7358    0.9200   -0.8098   -0.7837    0.0261    0.7077    0.0531    0.0795
   11.0000    1.2097    0.7408    0.9212   -0.8098   -0.7811    0.0287    0.7132    0.0523    0.0779
   12.0000    1.2291    0.7458    0.9225   -0.8098   -0.7785    0.0313    0.7185    0.0514    0.0763
   13.0000    1.2486    0.7507    0.9237   -0.8098   -0.7759    0.0340    0.7239    0.0505    0.0748
   14.0000    1.2681    0.7555    0.9250   -0.8098   -0.7733    0.0366    0.7292    0.0497    0.0732
   15.0000    1.2876    0.7604    0.9263   -0.8098   -0.7707    0.0392    0.7344    0.0488    0.0717
   16.0000    1.3071    0.7652    0.9275   -0.8098   -0.7680    0.0418    0.7397    0.0479    0.0702
   17.0000    1.3266    0.7700    0.9288   -0.8098   -0.7654    0.0444    0.7449    0.0470    0.0687
   18.0000    1.3462    0.7747    0.9300   -0.8098   -0.7628    0.0470    0.7500    0.0462    0.0672
   19.0000    1.3657    0.7792    0.9312   -0.8098   -0.7602    0.0496    0.7549    0.0453    0.0658
   20.0000    1.3853    0.7796    0.9313   -0.8098   -0.7576    0.0522    0.7554    0.0453    0.0657
   21.0000    1.4048    0.7796    0.9313   -0.8098   -0.7550    0.0549    0.7554    0.0453    0.0657
   22.0000    1.4245    0.7796    0.9313   -0.8098   -0.7524    0.0575    0.7554    0.0453    0.0657
   23.0000    1.4441    0.7796    0.9313   -0.8098   -0.7498    0.0601    0.7554    0.0453    0.0657
   24.0000    1.4637    0.7796    0.9313   -0.8098   -0.7472    0.0627    0.7554    0.0453    0.0657
   25.0000    1.4834    0.7796    0.9313   -0.8098   -0.7445    0.0653    0.7554    0.0453    0.0657
   26.0000    1.5030    0.7796    0.9313   -0.8098   -0.7419    0.0679    0.7554    0.0453    0.0657
   27.0000    1.5227    0.7796    0.9313   -0.8098   -0.7393    0.0705    0.7554    0.0453    0.0657
   28.0000    1.5423    0.7796    0.9313   -0.8098   -0.7367    0.0731    0.7554    0.0453    0.0657
   29.0000    1.5620    0.7796    0.9313   -0.8098   -0.7341    0.0758    0.7554    0.0453    0.0657
   30.0000    1.5816    0.7796    0.9313   -0.8098   -0.7315    0.0784    0.7554    0.0453    0.0657
   31.0000    1.6013    0.7796    0.9313   -0.8098   -0.7289    0.0810    0.7554    0.0453    0.0657
   32.0000    1.6209    0.7796    0.9313   -0.8098   -0.7263    0.0836    0.7554    0.0453    0.0657
   33.0000    1.6406    0.7796    0.9313   -0.8098   -0.7236    0.0862    0.7554    0.0453    0.0657
   34.0000    1.6603    0.7796    0.9313   -0.8098   -0.7210    0.0888    0.7554    0.0453    0.0657
   35.0000    1.6799    0.7796    0.9313   -0.8098   -0.7184    0.0914    0.7554    0.0453    0.0657
   36.0000    1.6996    0.7796    0.9313   -0.8098   -0.7158    0.0940    0.7554    0.0453    0.0657
   37.0000    1.7193    0.7796    0.9313   -0.8098   -0.7132    0.0967    0.7554    0.0453    0.0657
   38.0000    1.7390    0.7796    0.9313   -0.8098   -0.7106    0.0993    0.7554    0.0453    0.0657
   39.0000    1.7587    0.7796    0.9313   -0.8098   -0.7080    0.1019    0.7554    0.0453    0.0657
   40.0000    1.7784    0.7796    0.9313   -0.8098   -0.7054    0.1045    0.7554    0.0453    0.0657
   41.0000    1.7982    0.7796    0.9313   -0.8098   -0.7027    0.1071    0.7554    0.0453    0.0657
   42.0000    1.8179    0.7796    0.9313   -0.8098   -0.7001    0.1097    0.7554    0.0453    0.0657
   43.0000    1.8377    0.7796    0.9313   -0.8098   -0.6975    0.1123    0.7554    0.0453    0.0657
   44.0000    1.8575    0.7796    0.9313   -0.8098   -0.6949    0.1149    0.7554    0.0453    0.0657
   45.0000    1.8774    0.7796    0.9313   -0.8098   -0.6923    0.1176    0.7554    0.0453    0.0657
   46.0000    1.8973    0.7796    0.9313   -0.8098   -0.6897    0.1202    0.7554    0.0453    0.0657
   47.0000    1.9173    0.7796    0.9313   -0.8098   -0.6871    0.1228    0.7554    0.0453    0.0657
   48.0000    1.9373    0.7796    0.9313   -0.8098   -0.6845    0.1254    0.7554    0.0453    0.0657
   49.0000    1.9574    0.7796    0.9313   -0.8098   -0.6818    0.1280    0.7554    0.0453    0.0657
   50.0000    1.9775    0.7796    0.9313   -0.8098   -0.6792    0.1306    0.7554    0.0453    0.0657
   51.0000    1.9978    0.7796    0.9313   -0.8098   -0.6766    0.1332    0.7554    0.0453    0.0657
   52.0000    2.0181    0.7796    0.9313   -0.8098   -0.6740    0.1358    0.7554    0.0453    0.0657
   53.0000    2.0386    0.7796    0.9313   -0.8098   -0.6714    0.1385    0.7554    0.0453    0.0657
   54.0000    2.0591    0.7796    0.9313   -0.8098   -0.6688    0.1411    0.7554    0.0453    0.0657
   55.0000    2.0799    0.7796    0.9313   -0.8098   -0.6662    0.1437    0.7554    0.0453    0.0657
   56.0000    2.1008    0.7796    0.9313   -0.8098   -0.6636    0.1463    0.7554    0.0453    0.0657
   57.0000    2.1218    0.7796    0.9313   -0.8098   -0.6609    0.1489    0.7554    0.0453    0.0657
   58.0000    2.1431    0.7796    0.9313   -0.8098   -0.6583    0.1515    0.7554    0.0453    0.0657
   59.0000    2.1646    0.7796    0.9313   -0.8098   -0.6557    0.1541    0.7554    0.0453    0.0657
   60.0000    2.1864    0.7796    0.9313   -0.8098   -0.6531    0.1567    0.7554    0.0453    0.0657
   61.0000    2.2085    0.7796    0.9313   -0.8098   -0.6505    0.1594    0.7554    0.0453    0.0657
   62.0000    2.2309    0.7796    0.9313   -0.8098   -0.6479    0.1620    0.7554    0.0453    0.0657
   63.0000    2.2537    0.7796    0.9313   -0.8098   -0.6453    0.1646    0.7554    0.0453    0.0657
   64.0000    2.2770    0.7796    0.9313   -0.8098   -0.6427    0.1672    0.7554    0.0453    0.0657
   65.0000    2.3006    0.7796    0.9313   -0.8098   -0.6400    0.1698    0.7554    0.0453    0.0657
   66.0000    2.3246    0.7796    0.9313   -0.8098   -0.6374    0.1724    0.7554    0.0453    0.0657
   67.0000    2.3489    0.7796    0.9313   -0.8098   -0.6348    0.1750    0.7554    0.0453    0.0657
   68.0000    2.3732    0.7796    0.9313   -0.8098   -0.6322    0.1776    0.7554    0.0453    0.0657
   69.0000    2.3976    0.7796    0.9313   -0.8098   -0.6296    0.1803    0.7554    0.0453    0.0657
   70.0000    2.4220    0.7796    0.9313   -0.8098   -0.6270    0.1829    0.7554    0.0453    0.0657
   71.0000    2.4463    0.7796    0.9313   -0.8098   -0.6244    0.1855    0.7554    0.0453    0.0657
   72.0000    2.4707    0.7796    0.9313   -0.8098   -0.6218    0.1881    0.7554    0.0453    0.0657
   73.0000    2.4950    0.7796    0.9313   -0.8098   -0.6191    0.1907    0.7554    0.0453    0.0657
   74.0000    2.5193    0.7796    0.9313   -0.8098   -0.6165    0.1933    0.7554    0.0453    0.0657
   75.0000    2.5435    0.7796    0.9313   -0.8098   -0.6139    0.1959    0.7554    0.0453    0.0657
   76.0000    2.5675    0.7796    0.9313   -0.8098   -0.6113    0.1985    0.7554    0.0453    0.0657
   77.0000    2.5912    0.7796    0.9313   -0.8098   -0.6087    0.2012    0.7554    0.0453    0.0657
   78.0000    2.6144    0.7796    0.9313   -0.8098   -0.6061    0.2038    0.7554    0.0453    0.0657
   79.0000    2.6372    0.7796    0.9313   -0.8098   -0.6035    0.2064    0.7554    0.0453    0.0657
   80.0000    2.6594    0.7796    0.9313   -0.8098   -0.6009    0.2090    0.7554    0.0453    0.0657
   81.0000    2.6813    0.7796    0.9313   -0.8098   -0.5982    0.2116    0.7554    0.0453    0.0657
   82.0000    2.7028    0.7796    0.9313   -0.8098   -0.5956    0.2142    0.7554    0.0453    0.0657
   83.0000    2.7239    0.7796    0.9313   -0.8098   -0.5930    0.2168    0.7554    0.0453    0.0657
   84.0000    2.7448    0.7796    0.9313   -0.8098   -0.5904    0.2194    0.7554    0.0453    0.0657
   85.0000    2.7654    0.7796    0.9313   -0.8098   -0.5878    0.2221    0.7554    0.0453    0.0657
   86.0000    2.7859    0.7796    0.9313   -0.8098   -0.5852    0.2247    0.7554    0.0453    0.0657
   87.0000    2.8062    0.7796    0.9313   -0.8098   -0.5826    0.2273    0.7554    0.0453    0.0657
   88.0000    2.8263    0.7796    0.9313   -0.8098   -0.5800    0.2299    0.7554    0.0453    0.0657
   89.0000    2.8463    0.7796    0.9313   -0.8098   -0.5773    0.2325    0.7554    0.0453    0.0657
   90.0000    2.8663    0.7796    0.9313   -0.8098   -0.5747    0.2351    0.7554    0.0453    0.0657
   91.0000    2.8861    0.7796    0.9313   -0.8098   -0.5721    0.2377    0.7554    0.0453    0.0657
   92.0000    2.9060    0.7796    0.9313   -0.8098   -0.5695    0.2403    0.7554    0.0453    0.0657
   93.0000    2.9257    0.7796    0.9313   -0.8098   -0.5669    0.2430    0.7554    0.0453    0.0657
   94.0000    2.9455    0.7796    0.9313   -0.8098   -0.5643    0.2456    0.7554    0.0453    0.0657
   95.0000    2.9652    0.7796    0.9313   -0.8098   -0.5617    0.2482    0.7554    0.0453    0.0657
   96.0000    2.9849    0.7796    0.9313   -0.8098   -0.5591    0.2508    0.7554    0.0453    0.0657
   97.0000    3.0046    0.7796    0.9313   -0.8098   -0.5564    0.2534    0.7554    0.0453    0.0657
   98.0000    3.0243    0.7796    0.9313   -0.8098   -0.5538    0.2560    0.7554    0.0453    0.0657
   99.0000    3.0440    0.7796    0.9313   -0.8098   -0.5512    0.2586    0.7554    0.0453    0.0657
  100.0000    1.0000    0.7796    0.9313   -0.8098   -0.8098    0.0000    0.7554    0.0453    0.0657
