         t         y         k       L_H       L_L       c_H       c_L       V_H       V_L      V_HL
    0.0000    0.0497    0.1249    0.2292    0.6389    0.0453    0.0207 1040.5808  962.3041    1.1859
    1.0000    0.0463    0.1236    0.1882    0.5883    0.0445    0.0204 1039.9963  961.7636    1.1859
    2.0000    0.0463    0.1227    0.1870    0.5979    0.0438    0.0200 1039.4253  961.2356    1.1859
    3.0000    0.0462    0.1225    0.1867    0.6011    0.0435    0.0199 1039.9029  961.6772    1.1859
    4.0000    0.0463    0.1225    0.1874    0.6081    0.0433    0.0198 1040.3891  962.1269    1.1859
    5.0000    0.0459    0.1225    0.1860    0.6044    0.0431    0.0197 1040.8868  962.5871    1.1859
    6.0000    0.0459    0.1227    0.1861    0.6091    0.0429    0.0196 1041.3881  963.0507    1.1859
    7.0000    0.0456    0.1228    0.1855    0.6073    0.0426    0.0195 1041.8975  963.5218    1.1859
    8.0000    0.0454    0.1229    0.1853    0.6079    0.0424    0.0194 1042.4129  963.9984    1.1859
    9.0000    0.0452    0.1230    0.1850    0.6102    0.0422    0.0193 1042.9354  964.4816    1.1859
   10.0000    0.0451    0.1230    0.1850    0.6133    0.0420    0.0192 1043.4651  964.9714    1.1859
   11.0000    0.0448    0.1230    0.1848    0.6139    0.0418    0.0191 1044.0023  965.4682    1.1859
   12.0000    0.0445    0.1230    0.1844    0.6133    0.0416    0.0190 1044.5466  965.9716    1.1859
   13.0000    0.0443    0.1230    0.1843    0.6162    0.0415    0.0190 1045.0974  966.4810    1.1859
   14.0000    0.0441    0.1230    0.1839    0.6159    0.0413    0.0189 1045.6558  966.9973    1.1859
   15.0000    0.0438    0.1230    0.1847    0.6170    0.0411    0.0188 1046.2206  967.5197    1.1859
   16.0000    0.0435    0.1230    0.1846    0.6165    0.0409    0.0187 1046.7957  968.0516    1.1859
   17.0000    0.0433    0.1229    0.1840    0.6196    0.0407    0.0186 1047.3787  968.5906    1.1859
   18.0000    0.0429    0.1227    0.1839    0.6173    0.0406    0.0186 1047.9674  969.1350    1.1859
   19.0000    0.0427    0.1222    0.1841    0.6207    0.0404    0.0185 1048.5637  969.6865    1.1859
   20.0000    0.0422    0.1217    0.1839    0.6191    0.0402    0.0184 1049.1685  970.2459    1.1859
   21.0000    0.0419    0.1209    0.1838    0.6194    0.0401    0.0183 1049.7803  970.8116    1.1859
   22.0000    0.0418    0.1201    0.1837    0.6207    0.0400    0.0183 1050.3996  971.3843    1.1859
   23.0000    0.0417    0.1194    0.1850    0.6202    0.0398    0.0182 1051.0259  971.9635    1.1859
   24.0000    0.0414    0.1187    0.1847    0.6150    0.0397    0.0182 1051.6641  972.5537    1.1859
   25.0000    0.0413    0.1181    0.1844    0.6159    0.0396    0.0181 1052.3086  973.1497    1.1859
   26.0000    0.0412    0.1174    0.1840    0.6164    0.0395    0.0181 1052.9592  973.7514    1.1859
   27.0000    0.0412    0.1169    0.1859    0.6192    0.0394    0.0180 1053.6158  974.3586    1.1859
   28.0000    0.0409    0.1163    0.1852    0.6108    0.0393    0.0180 1054.2858  974.9782    1.1859
   29.0000    0.0408    0.1158    0.1855    0.6137    0.0392    0.0179 1054.9606  975.6023    1.1859
   30.0000    0.0406    0.1153    0.1854    0.6088    0.0391    0.0179 1055.6431  976.2334    1.1859
   31.0000    0.0405    0.1148    0.1850    0.6097    0.0391    0.0179 1056.3328  976.8712    1.1859
   32.0000    0.0404    0.1143    0.1849    0.6096    0.0390    0.0178 1057.0281  977.5142    1.1859
   33.0000    0.0403    0.1139    0.1845    0.6099    0.0389    0.0178 1057.7300  978.1633    1.1859
   34.0000    0.0402    0.1134    0.1842    0.6107    0.0388    0.0178 1058.4375  978.8176    1.1859
   35.0000    0.0400    0.1130    0.1865    0.6010    0.0388    0.0177 1059.1487  979.4753    1.1859
   36.0000    0.0400    0.1125    0.1873    0.6038    0.0387    0.0177 1059.8693  980.1416    1.1859
   37.0000    0.0399    0.1122    0.1872    0.6009    0.0387    0.0177 1060.5769  980.7961    1.1859
   38.0000    0.0398    0.1117    0.1880    0.6014    0.0386    0.0177 1061.2902  981.4557    1.1859
   39.0000    0.0397    0.1113    0.1879    0.5985    0.0385    0.0176 1062.0045  982.1163    1.1859
   40.0000    0.0395    0.1107    0.1879    0.5956    0.0385    0.0176 1062.7167  982.7748    1.1859
   41.0000    0.0391    0.1102    0.1902    0.5819    0.0384    0.0176 1063.4400  983.4437    1.1859
   42.0000    0.0390    0.1095    0.1896    0.5842    0.0384    0.0176 1064.1915  984.1387    1.1859
   43.0000    0.0390    0.1088    0.1898    0.5875    0.0383    0.0175 1064.9267  984.8186    1.1859
   44.0000    0.0388    0.1081    0.1885    0.5867    0.0383    0.0175 1065.6376  985.4760    1.1859
   45.0000    0.0388    0.1073    0.1892    0.5942    0.0383    0.0175 1066.3384  986.1242    1.1859
   46.0000    0.0385    0.1066    0.1885    0.5875    0.0382    0.0175 1067.0001  986.7361    1.1859
   47.0000    0.0383    0.1057    0.1911    0.5795    0.0382    0.0175 1067.6558  987.3424    1.1859
   48.0000    0.0382    0.1049    0.1926    0.5806    0.0382    0.0175 1068.2966  987.9350    1.1859
   49.0000    0.0379    0.1039    0.1907    0.5764    0.0381    0.0174 1068.9113  988.5034    1.1859
   50.0000    0.0375    0.1027    0.1932    0.5648    0.0381    0.0174 1069.5076  989.0549    1.1859
   51.0000    0.0373    0.1013    0.1924    0.5685    0.0381    0.0174 1070.0720  989.5769    1.1859
   52.0000    0.0370    0.0999    0.1916    0.5693    0.0380    0.0174 1070.5778  990.0446    1.1859
   53.0000    0.0366    0.0984    0.1937    0.5612    0.0380    0.0174 1071.0382  990.4704    1.1859
   54.0000    0.0364    0.0968    0.1928    0.5661    0.0380    0.0174 1071.4388  990.8408    1.1859
   55.0000    0.0362    0.0952    0.1920    0.5688    0.0380    0.0174 1071.7650  991.1425    1.1859
   56.0000    0.0360    0.0943    0.1911    0.5720    0.0380    0.0174 1072.0175  991.3760    1.1859
   57.0000    0.0359    0.0943    0.1933    0.5635    0.0380    0.0174 1072.2354  991.5775    1.1859
   58.0000    0.0360    0.0943    0.1924    0.5672    0.0379    0.0174 1072.4655  991.7903    1.1859
   59.0000    0.0360    0.0943    0.1916    0.5692    0.0379    0.0173 1072.6893  991.9973    1.1859
   60.0000    0.0359    0.0943    0.1938    0.5613    0.0379    0.0173 1072.9242  992.2146    1.1859
   61.0000    0.0359    0.0943    0.1929    0.5626    0.0378    0.0173 1073.1647  992.4369    1.1859
   62.0000    0.0360    0.0943    0.1927    0.5694    0.0378    0.0173 1073.4236  992.6763    1.1859
   63.0000    0.0358    0.0943    0.1915    0.5616    0.0378    0.0173 1073.6843  992.9174    1.1859
   64.0000    0.0358    0.0943    0.1935    0.5615    0.0377    0.0173 1073.9254  993.1404    1.1859
   65.0000    0.0359    0.0943    0.1925    0.5657    0.0377    0.0172 1074.1993  993.3937    1.1859
   66.0000    0.0360    0.0943    0.1916    0.5729    0.0377    0.0172 1074.4741  993.6478    1.1859
   67.0000    0.0358    0.0943    0.1941    0.5592    0.0377    0.0172 1074.7505  993.9035    1.1859
   68.0000    0.0358    0.0943    0.1930    0.5615    0.0376    0.0172 1075.0366  994.1680    1.1859
   69.0000    0.0358    0.0943    0.1922    0.5658    0.0376    0.0172 1075.3371  994.4459    1.1859
   70.0000    0.0359    0.0943    0.1948    0.5627    0.0376    0.0172 1075.6372  994.7234    1.1859
   71.0000    0.0358    0.0943    0.1931    0.5610    0.0376    0.0172 1075.9399  995.0034    1.1859
   72.0000    0.0358    0.0943    0.1922    0.5662    0.0375    0.0172 1076.2553  995.2951    1.1859
   73.0000    0.0358    0.0943    0.1914    0.5674    0.0375    0.0172 1076.5620  995.5787    1.1859
   74.0000    0.0357    0.0943    0.1934    0.5590    0.0375    0.0171 1076.8810  995.8737    1.1859
   75.0000    0.0357    0.0943    0.1925    0.5626    0.0374    0.0171 1077.2121  996.1799    1.1859
   76.0000    0.0358    0.0943    0.1917    0.5664    0.0374    0.0171 1077.5418  996.4848    1.1859
   77.0000    0.0357    0.0943    0.1955    0.5571    0.0374    0.0171 1077.8682  996.7866    1.1859
   78.0000    0.0357    0.0943    0.1927    0.5600    0.0374    0.0171 1078.2153  997.1076    1.1859
   79.0000    0.0356    0.0943    0.1944    0.5534    0.0373    0.0171 1078.5677  997.4335    1.1859
   80.0000    0.0356    0.0943    0.1936    0.5555    0.0373    0.0171 1078.9313  997.7698    1.1859
   81.0000    0.0357    0.0943    0.1926    0.5604    0.0373    0.0170 1079.3031  998.1136    1.1859
   82.0000    0.0355    0.0943    0.1948    0.5518    0.0372    0.0170 1079.6728  998.4555    1.1859
   83.0000    0.0356    0.0943    0.1937    0.5552    0.0372    0.0170 1080.0490  998.8034    1.1859
   84.0000    0.0356    0.0943    0.1929    0.5589    0.0372    0.0170 1080.4381  999.1632    1.1859
   85.0000    0.0357    0.0943    0.1919    0.5640    0.0371    0.0170 1080.8252  999.5212    1.1859
   86.0000    0.0357    0.0943    0.1911    0.5651    0.0371    0.0170 1081.2106  999.8776    1.1859
   87.0000    0.0356    0.0943    0.1932    0.5572    0.0371    0.0170 1081.6088 1000.2458    1.1859
   88.0000    0.0356    0.0943    0.1923    0.5605    0.0370    0.0169 1082.0089 1000.6158    1.1859
   89.0000    0.0356    0.0943    0.1913    0.5640    0.0370    0.0169 1082.4171 1000.9934    1.1859
   90.0000    0.0355    0.0943    0.1935    0.5565    0.0370    0.0169 1082.8335 1001.3784    1.1859
   91.0000    0.0355    0.0943    0.1925    0.5579    0.0370    0.0169 1083.2539 1001.7672    1.1859
   92.0000    0.0357    0.0943    0.1923    0.5636    0.0369    0.0169 1083.6823 1002.1634    1.1859
   93.0000    0.0357    0.0943    0.1906    0.5669    0.0369    0.0169 1084.1063 1002.5554    1.1859
   94.0000    0.0356    0.0943    0.1927    0.5591    0.0369    0.0169 1084.5397 1002.9563    1.1859
   95.0000    0.0356    0.0943    0.1918    0.5608    0.0369    0.0169 1084.9847 1003.3678    1.1859
   96.0000    0.0354    0.0943    0.1915    0.5557    0.0368    0.0168 1085.4345 1003.7838    1.1859
   97.0000    0.0357    0.0943    0.1901    0.5690    0.0368    0.0168 1085.8835 1004.1989    1.1859
   98.0000    0.0356    0.0943    0.1936    0.5601    0.0368    0.0168 1086.3293 1004.6113    1.1859
   99.0000    0.0360    0.0943    0.1982    0.5721    0.0368    0.0168 1086.7784 1005.0266    1.1859
  100.0000    0.0375    0.0943    0.2183    0.6272    0.0369    0.0169 1087.1576 1005.3773    1.1859
